    0.10000E-03    0.56008E+03
    0.10202E-03    0.57096E+03
    0.10408E-03    0.58205E+03
    0.10618E-03    0.59336E+03
    0.10833E-03    0.60489E+03
    0.11052E-03    0.61664E+03
    0.11275E-03    0.62862E+03
    0.11503E-03    0.64084E+03
    0.11735E-03    0.65329E+03
    0.11972E-03    0.66598E+03
    0.12214E-03    0.67891E+03
    0.12461E-03    0.69210E+03
    0.12712E-03    0.70554E+03
    0.12969E-03    0.71925E+03
    0.13231E-03    0.73322E+03
    0.13499E-03    0.74745E+03
    0.13771E-03    0.76197E+03
    0.14049E-03    0.77677E+03
    0.14333E-03    0.79185E+03
    0.14623E-03    0.80722E+03
    0.14918E-03    0.82290E+03
    0.15220E-03    0.83887E+03
    0.15527E-03    0.85516E+03
    0.15841E-03    0.87175E+03
    0.16161E-03    0.88867E+03
    0.16487E-03    0.90592E+03
    0.16820E-03    0.92350E+03
    0.17160E-03    0.94142E+03
    0.17507E-03    0.95969E+03
    0.17860E-03    0.97831E+03
    0.18221E-03    0.99728E+03
    0.18589E-03    0.10166E+04
    0.18965E-03    0.10363E+04
    0.19348E-03    0.10564E+04
    0.19739E-03    0.10769E+04
    0.20138E-03    0.10978E+04
    0.20544E-03    0.11191E+04
    0.20959E-03    0.11408E+04
    0.21383E-03    0.11629E+04
    0.21815E-03    0.11854E+04
    0.22255E-03    0.12084E+04
    0.22705E-03    0.12318E+04
    0.23164E-03    0.12557E+04
    0.23632E-03    0.12800E+04
    0.24109E-03    0.13048E+04
    0.24596E-03    0.13300E+04
    0.25093E-03    0.13558E+04
    0.25600E-03    0.13820E+04
    0.26117E-03    0.14088E+04
    0.26645E-03    0.14360E+04
    0.27183E-03    0.14638E+04
    0.27732E-03    0.14921E+04
    0.28292E-03    0.15210E+04
    0.28864E-03    0.15504E+04
    0.29447E-03    0.15803E+04
    0.30042E-03    0.16109E+04
    0.30649E-03    0.16420E+04
    0.31268E-03    0.16737E+04
    0.31899E-03    0.17060E+04
    0.32544E-03    0.17389E+04
    0.33201E-03    0.17725E+04
    0.33872E-03    0.18066E+04
    0.34556E-03    0.18415E+04
    0.35254E-03    0.18770E+04
    0.35966E-03    0.19131E+04
    0.36693E-03    0.19500E+04
    0.37434E-03    0.19875E+04
    0.38190E-03    0.20258E+04
    0.38962E-03    0.20648E+04
    0.39749E-03    0.21045E+04
    0.40552E-03    0.21449E+04
    0.41371E-03    0.21861E+04
    0.42207E-03    0.22281E+04
    0.43060E-03    0.22709E+04
    0.43929E-03    0.23145E+04
    0.44817E-03    0.23589E+04
    0.45722E-03    0.24041E+04
    0.46646E-03    0.24501E+04
    0.47588E-03    0.24970E+04
    0.48550E-03    0.25448E+04
    0.49530E-03    0.25935E+04
    0.50531E-03    0.26430E+04
    0.51552E-03    0.26935E+04
    0.52593E-03    0.27449E+04
    0.53656E-03    0.27973E+04
    0.54739E-03    0.28506E+04
    0.55845E-03    0.29048E+04
    0.56973E-03    0.29601E+04
    0.58124E-03    0.30164E+04
    0.59299E-03    0.30737E+04
    0.60496E-03    0.31320E+04
    0.61719E-03    0.31914E+04
    0.62965E-03    0.32519E+04
    0.64237E-03    0.33134E+04
    0.65535E-03    0.33761E+04
    0.66859E-03    0.34399E+04
    0.68210E-03    0.35048E+04
    0.69588E-03    0.35708E+04
    0.70993E-03    0.36381E+04
    0.72427E-03    0.37065E+04
    0.73891E-03    0.37761E+04
    0.75383E-03    0.38469E+04
    0.76906E-03    0.39190E+04
    0.78460E-03    0.39923E+04
    0.80045E-03    0.40669E+04
    0.81662E-03    0.41428E+04
    0.83311E-03    0.42200E+04
    0.84994E-03    0.42985E+04
    0.86711E-03    0.43783E+04
    0.88463E-03    0.44595E+04
    0.90250E-03    0.45421E+04
    0.92073E-03    0.46260E+04
    0.93933E-03    0.47113E+04
    0.95831E-03    0.47980E+04
    0.97767E-03    0.48862E+04
    0.99742E-03    0.49758E+04
    0.10176E-02    0.50668E+04
    0.10381E-02    0.51594E+04
    0.10591E-02    0.52534E+04
    0.10805E-02    0.53489E+04
    0.11023E-02    0.54459E+04
    0.11246E-02    0.55444E+04
    0.11473E-02    0.56445E+04
    0.11705E-02    0.57460E+04
    0.11941E-02    0.58492E+04
    0.12182E-02    0.59538E+04
    0.12429E-02    0.60601E+04
    0.12680E-02    0.61679E+04
    0.12936E-02    0.62772E+04
    0.13197E-02    0.63882E+04
    0.13464E-02    0.65007E+04
    0.13736E-02    0.66148E+04
    0.14013E-02    0.67305E+04
    0.14296E-02    0.68477E+04
    0.14585E-02    0.69666E+04
    0.14880E-02    0.70870E+04
    0.15180E-02    0.72090E+04
    0.15487E-02    0.73326E+04
    0.15800E-02    0.74577E+04
    0.16119E-02    0.75843E+04
    0.16445E-02    0.77125E+04
    0.16777E-02    0.78421E+04
    0.17116E-02    0.79732E+04
    0.17462E-02    0.81057E+04
    0.17814E-02    0.82397E+04
    0.18174E-02    0.83751E+04
    0.18541E-02    0.85118E+04
    0.18916E-02    0.86499E+04
    0.19298E-02    0.87893E+04
    0.19688E-02    0.89300E+04
    0.20086E-02    0.90719E+04
    0.20491E-02    0.92149E+04
    0.20905E-02    0.93591E+04
    0.21328E-02    0.95044E+04
    0.21758E-02    0.96506E+04
    0.22198E-02    0.97978E+04
    0.22646E-02    0.99457E+04
    0.23104E-02    0.10094E+05
    0.23571E-02    0.10244E+05
    0.24047E-02    0.10394E+05
    0.24533E-02    0.10544E+05
    0.25028E-02    0.10695E+05
    0.25534E-02    0.10846E+05
    0.26050E-02    0.10998E+05
    0.26576E-02    0.11149E+05
    0.27113E-02    0.11300E+05
    0.27660E-02    0.11452E+05
    0.28219E-02    0.11602E+05
    0.28789E-02    0.11753E+05
    0.29371E-02    0.11903E+05
    0.29964E-02    0.12052E+05
    0.30569E-02    0.12199E+05
    0.31187E-02    0.12346E+05
    0.31817E-02    0.12491E+05
    0.32460E-02    0.12634E+05
    0.33115E-02    0.12776E+05
    0.33784E-02    0.12915E+05
    0.34467E-02    0.13051E+05
    0.35163E-02    0.13185E+05
    0.35874E-02    0.13316E+05
    0.36598E-02    0.13444E+05
    0.37338E-02    0.13568E+05
    0.38092E-02    0.13689E+05
    0.38861E-02    0.13805E+05
    0.39646E-02    0.13918E+05
    0.40447E-02    0.14025E+05
    0.41264E-02    0.14128E+05
    0.42098E-02    0.14225E+05
    0.42948E-02    0.14315E+05
    0.43816E-02    0.14400E+05
    0.44701E-02    0.14478E+05
    0.45604E-02    0.14549E+05
    0.46525E-02    0.14612E+05
    0.47465E-02    0.14667E+05
    0.48424E-02    0.14713E+05
    0.49402E-02    0.14751E+05
    0.50400E-02    0.14779E+05
    0.51419E-02    0.14797E+05
    0.52457E-02    0.14805E+05
    0.53517E-02    0.14802E+05
    0.54598E-02    0.14787E+05
    0.55701E-02    0.14760E+05
    0.56826E-02    0.14720E+05
    0.57974E-02    0.14668E+05
    0.59145E-02    0.14602E+05
    0.60340E-02    0.14521E+05
    0.61559E-02    0.14426E+05
    0.62803E-02    0.14316E+05
    0.64072E-02    0.14190E+05
    0.65366E-02    0.14048E+05
    0.66686E-02    0.13890E+05
    0.68033E-02    0.13714E+05
    0.69408E-02    0.13521E+05
    0.70810E-02    0.13310E+05
    0.72240E-02    0.13080E+05
    0.73700E-02    0.12832E+05
    0.75189E-02    0.12566E+05
    0.76708E-02    0.12280E+05
    0.78257E-02    0.11975E+05
    0.79838E-02    0.11652E+05
    0.81451E-02    0.11310E+05
    0.83096E-02    0.10950E+05
    0.84775E-02    0.10571E+05
    0.86488E-02    0.10173E+05
    0.88235E-02    0.97556E+04
    0.90017E-02    0.93203E+04
    0.91836E-02    0.88692E+04
    0.93691E-02    0.84053E+04
    0.95583E-02    0.79318E+04
    0.97514E-02    0.74514E+04
    0.99484E-02    0.69604E+04
    0.10149E-01    0.64536E+04
    0.10354E-01    0.59290E+04
    0.10564E-01    0.53883E+04
    0.10777E-01    0.48449E+04
    0.10995E-01    0.43181E+04
    0.11217E-01    0.38223E+04
    0.11443E-01    0.33662E+04
    0.11675E-01    0.29306E+04
    0.11910E-01    0.24771E+04
    0.12151E-01    0.19948E+04
    0.12397E-01    0.15018E+04
    0.12647E-01    0.10491E+04
    0.12902E-01    0.69178E+03
    0.13163E-01    0.43969E+03
    0.13429E-01    0.27500E+03
    0.13700E-01    0.17495E+03
    0.13977E-01    0.12235E+03
    0.14259E-01    0.10268E+03
    0.14547E-01    0.11291E+03
    0.14841E-01    0.17321E+03
    0.15141E-01    0.33942E+03
    0.15447E-01    0.73586E+03
    0.15759E-01    0.15283E+04
    0.16077E-01    0.26642E+04
    0.16402E-01    0.38570E+04
    0.16734E-01    0.49297E+04
    0.17072E-01    0.59193E+04
    0.17416E-01    0.70917E+04
    0.17768E-01    0.86749E+04
    0.18127E-01    0.10715E+05
    0.18493E-01    0.13198E+05
    0.18867E-01    0.16014E+05
    0.19248E-01    0.19037E+05
    0.19637E-01    0.22258E+05
    0.20034E-01    0.25717E+05
    0.20438E-01    0.29502E+05
    0.20851E-01    0.33712E+05
    0.21272E-01    0.38371E+05
    0.21702E-01    0.43482E+05
    0.22141E-01    0.49035E+05
    0.22588E-01    0.55011E+05
    0.23044E-01    0.61420E+05
    0.23510E-01    0.68280E+05
    0.23985E-01    0.75616E+05
    0.24469E-01    0.83458E+05
    0.24964E-01    0.91812E+05
    0.25468E-01    0.10067E+06
    0.25982E-01    0.11003E+06
    0.26507E-01    0.11987E+06
    0.27043E-01    0.13017E+06
    0.27589E-01    0.14092E+06
    0.28146E-01    0.15211E+06
    0.28715E-01    0.16373E+06
    0.29295E-01    0.17575E+06
    0.29887E-01    0.18816E+06
    0.30490E-01    0.20095E+06
    0.31106E-01    0.21408E+06
    0.31735E-01    0.22755E+06
    0.32376E-01    0.24130E+06
    0.33030E-01    0.25530E+06
    0.33697E-01    0.26950E+06
    0.34378E-01    0.28385E+06
    0.35072E-01    0.29830E+06
    0.35781E-01    0.31276E+06
    0.36504E-01    0.32718E+06
    0.37241E-01    0.34148E+06
    0.37993E-01    0.35559E+06
    0.38761E-01    0.36947E+06
    0.39544E-01    0.38304E+06
    0.40343E-01    0.39624E+06
    0.41158E-01    0.40900E+06
    0.41989E-01    0.42122E+06
    0.42838E-01    0.43282E+06
    0.43703E-01    0.44371E+06
    0.44586E-01    0.45380E+06
    0.45486E-01    0.46296E+06
    0.46405E-01    0.47109E+06
    0.47343E-01    0.47808E+06
    0.48299E-01    0.48381E+06
    0.49275E-01    0.48816E+06
    0.50270E-01    0.49100E+06
    0.51286E-01    0.49224E+06
    0.52322E-01    0.49170E+06
    0.53379E-01    0.48916E+06
    0.54457E-01    0.48441E+06
    0.55557E-01    0.47725E+06
    0.56680E-01    0.46764E+06
    0.57825E-01    0.45567E+06
    0.58993E-01    0.44154E+06
    0.60184E-01    0.42543E+06
    0.61400E-01    0.40726E+06
    0.62641E-01    0.38617E+06
    0.63906E-01    0.36147E+06
    0.65197E-01    0.33291E+06
    0.66514E-01    0.30202E+06
    0.67858E-01    0.27196E+06
    0.69229E-01    0.24504E+06
    0.70627E-01    0.22147E+06
    0.72054E-01    0.19448E+06
    0.73510E-01    0.15865E+06
    0.74994E-01    0.11577E+06
    0.76509E-01    0.81034E+05
    0.78055E-01    0.63540E+05
    0.79632E-01    0.63988E+05
    0.81241E-01    0.61122E+05
    0.82882E-01    0.26901E+05
    0.84556E-01    0.29034E+04
    0.86264E-01    0.17678E+03
    0.88007E-01    0.40080E+02
    0.89785E-01    0.14241E+03
    0.91598E-01    0.23931E+04
    0.93449E-01    0.23374E+05
    0.95337E-01    0.47898E+05
    0.97263E-01    0.46845E+05
    0.99227E-01    0.52757E+05
    0.10123E+00    0.73589E+05
    0.10328E+00    0.98870E+05
    0.10536E+00    0.11667E+06
    0.10749E+00    0.13035E+06
    0.10966E+00    0.14508E+06
    0.11188E+00    0.15873E+06
    0.11414E+00    0.16814E+06
    0.11644E+00    0.17284E+06
    0.11880E+00    0.17310E+06
    0.12120E+00    0.16859E+06
    0.12365E+00    0.15908E+06
    0.12614E+00    0.14448E+06
    0.12869E+00    0.12585E+06
    0.13129E+00    0.10568E+06
    0.13394E+00    0.83739E+05
    0.13665E+00    0.59010E+05
    0.13941E+00    0.39552E+05
    0.14223E+00    0.26849E+05
    0.14510E+00    0.92887E+04
    0.14803E+00    0.15522E+04
    0.15102E+00    0.86847E+03
    0.15407E+00    0.21679E+04
    0.15718E+00    0.78717E+04
    0.16036E+00    0.19392E+05
    0.16360E+00    0.30234E+05
    0.16690E+00    0.42593E+05
    0.17028E+00    0.54569E+05
    0.17371E+00    0.63561E+05
    0.17722E+00    0.69045E+05
    0.18080E+00    0.69799E+05
    0.18446E+00    0.65427E+05
    0.18818E+00    0.56552E+05
    0.19198E+00    0.44123E+05
    0.19586E+00    0.30311E+05
    0.19982E+00    0.17593E+05
    0.20386E+00    0.65870E+04
    0.20797E+00    0.20743E+04
    0.21218E+00    0.11339E+04
    0.21646E+00    0.22523E+04
    0.22083E+00    0.98186E+04
    0.22530E+00    0.25242E+05
    0.22985E+00    0.32746E+05
    0.23449E+00    0.37930E+05
    0.23923E+00    0.42552E+05
    0.24406E+00    0.38626E+05
    0.24899E+00    0.32854E+05
    0.25402E+00    0.31965E+05
    0.25915E+00    0.16352E+05
    0.26439E+00    0.18525E+04
    0.26973E+00    0.28011E+03
    0.27518E+00    0.59103E+03
    0.28074E+00    0.47474E+04
    0.28641E+00    0.14905E+05
    0.29219E+00    0.18799E+05
    0.29810E+00    0.19579E+05
    0.30412E+00    0.21829E+05
    0.31026E+00    0.24041E+05
    0.31653E+00    0.10164E+05
    0.32292E+00    0.10331E+04
    0.32945E+00    0.24521E+03
    0.33610E+00    0.85068E+03
    0.34289E+00    0.62501E+04
    0.34982E+00    0.14039E+05
    0.35689E+00    0.16059E+05
    0.36409E+00    0.17191E+05
    0.37145E+00    0.11689E+05
    0.37895E+00    0.42470E+04
    0.38661E+00    0.17570E+04
    0.39442E+00    0.14865E+04
    0.40239E+00    0.23498E+04
    0.41052E+00    0.53727E+04
    0.41881E+00    0.11857E+05
    0.42727E+00    0.19425E+05
    0.43590E+00    0.24030E+05
    0.44471E+00    0.23493E+05
    0.45369E+00    0.18997E+05
    0.46286E+00    0.13296E+05
    0.47221E+00    0.84301E+04
    0.48174E+00    0.50672E+04
    0.49148E+00    0.30218E+04
    0.50141E+00    0.18711E+04
    0.51153E+00    0.12590E+04
    0.52187E+00    0.96334E+03
    0.53241E+00    0.85945E+03
    0.54317E+00    0.87318E+03
    0.55414E+00    0.97968E+03
    0.56533E+00    0.11771E+04
    0.57675E+00    0.14688E+04
    0.58840E+00    0.18457E+04
    0.60029E+00    0.22652E+04
    0.61242E+00    0.26329E+04
    0.62479E+00    0.28106E+04
    0.63741E+00    0.26722E+04
    0.65029E+00    0.21942E+04
    0.66342E+00    0.15290E+04
    0.67683E+00    0.92752E+03
    0.69050E+00    0.50695E+03
    0.70445E+00    0.25840E+03
    0.71868E+00    0.12712E+03
    0.73320E+00    0.62478E+02
    0.74801E+00    0.31748E+02
    0.76312E+00    0.17265E+02
    0.77854E+00    0.10399E+02
    0.79426E+00    0.71803E+01
    0.81031E+00    0.58826E+01
    0.82668E+00    0.58640E+01
    0.84338E+00    0.69913E+01
    0.86041E+00    0.96799E+01
    0.87780E+00    0.15114E+02
    0.89553E+00    0.25842E+02
    0.91362E+00    0.46982E+02
    0.93208E+00    0.88190E+02
    0.95091E+00    0.16598E+03
    0.97011E+00    0.30411E+03
    0.98971E+00    0.52677E+03
    0.10097E+01    0.83760E+03
    0.10301E+01    0.11919E+04
    0.10509E+01    0.15183E+04
    0.10721E+01    0.17498E+04
    0.10938E+01    0.18436E+04
    0.11159E+01    0.17947E+04
    0.11384E+01    0.16313E+04
    0.11614E+01    0.13991E+04
    0.11849E+01    0.11444E+04
    0.12088E+01    0.90205E+03
    0.12333E+01    0.69249E+03
    0.12582E+01    0.52325E+03
    0.12836E+01    0.39311E+03
    0.13095E+01    0.29561E+03
    0.13360E+01    0.22356E+03
    0.13630E+01    0.17085E+03
    0.13905E+01    0.13255E+03
    0.14186E+01    0.10491E+03
    0.14472E+01    0.85098E+02
    0.14765E+01    0.71085E+02
    0.15063E+01    0.61438E+02
    0.15367E+01    0.55203E+02
    0.15678E+01    0.51808E+02
    0.15994E+01    0.51001E+02
    0.16318E+01    0.52519E+02
    0.16647E+01    0.56127E+02
    0.16984E+01    0.61756E+02
    0.17327E+01    0.69402E+02
    0.17677E+01    0.79026E+02
    0.18034E+01    0.90449E+02
    0.18398E+01    0.10323E+03
    0.18770E+01    0.11655E+03
    0.19149E+01    0.12913E+03
    0.19536E+01    0.13928E+03
    0.19930E+01    0.14512E+03
    0.20333E+01    0.14575E+03
    0.20744E+01    0.14157E+03
    0.21163E+01    0.13345E+03
    0.21590E+01    0.12250E+03
    0.22026E+01    0.10988E+03
    0.22471E+01    0.96666E+02
    0.22925E+01    0.83683E+02
    0.23388E+01    0.71540E+02
    0.23861E+01    0.60607E+02
    0.24343E+01    0.51059E+02
