    0.10000E-03    0.57154E+03
    0.10202E-03    0.58264E+03
    0.10408E-03    0.59397E+03
    0.10618E-03    0.60551E+03
    0.10833E-03    0.61727E+03
    0.11052E-03    0.62927E+03
    0.11275E-03    0.64150E+03
    0.11503E-03    0.65396E+03
    0.11735E-03    0.66667E+03
    0.11972E-03    0.67962E+03
    0.12214E-03    0.69283E+03
    0.12461E-03    0.70629E+03
    0.12712E-03    0.72001E+03
    0.12969E-03    0.73399E+03
    0.13231E-03    0.74825E+03
    0.13499E-03    0.76278E+03
    0.13771E-03    0.77760E+03
    0.14049E-03    0.79270E+03
    0.14333E-03    0.80810E+03
    0.14623E-03    0.82379E+03
    0.14918E-03    0.83979E+03
    0.15220E-03    0.85610E+03
    0.15527E-03    0.87272E+03
    0.15841E-03    0.88967E+03
    0.16161E-03    0.90694E+03
    0.16487E-03    0.92455E+03
    0.16820E-03    0.94250E+03
    0.17160E-03    0.96079E+03
    0.17507E-03    0.97944E+03
    0.17860E-03    0.99845E+03
    0.18221E-03    0.10178E+04
    0.18589E-03    0.10376E+04
    0.18965E-03    0.10577E+04
    0.19348E-03    0.10782E+04
    0.19739E-03    0.10991E+04
    0.20138E-03    0.11205E+04
    0.20544E-03    0.11422E+04
    0.20959E-03    0.11644E+04
    0.21383E-03    0.11869E+04
    0.21815E-03    0.12099E+04
    0.22255E-03    0.12334E+04
    0.22705E-03    0.12573E+04
    0.23164E-03    0.12817E+04
    0.23632E-03    0.13065E+04
    0.24109E-03    0.13318E+04
    0.24596E-03    0.13577E+04
    0.25093E-03    0.13840E+04
    0.25600E-03    0.14108E+04
    0.26117E-03    0.14381E+04
    0.26645E-03    0.14659E+04
    0.27183E-03    0.14943E+04
    0.27732E-03    0.15232E+04
    0.28292E-03    0.15527E+04
    0.28864E-03    0.15828E+04
    0.29447E-03    0.16134E+04
    0.30042E-03    0.16446E+04
    0.30649E-03    0.16764E+04
    0.31268E-03    0.17088E+04
    0.31899E-03    0.17418E+04
    0.32544E-03    0.17755E+04
    0.33201E-03    0.18098E+04
    0.33872E-03    0.18447E+04
    0.34556E-03    0.18804E+04
    0.35254E-03    0.19167E+04
    0.35966E-03    0.19537E+04
    0.36693E-03    0.19914E+04
    0.37434E-03    0.20298E+04
    0.38190E-03    0.20689E+04
    0.38962E-03    0.21088E+04
    0.39749E-03    0.21494E+04
    0.40552E-03    0.21908E+04
    0.41371E-03    0.22330E+04
    0.42207E-03    0.22760E+04
    0.43060E-03    0.23198E+04
    0.43929E-03    0.23644E+04
    0.44817E-03    0.24099E+04
    0.45722E-03    0.24562E+04
    0.46646E-03    0.25034E+04
    0.47588E-03    0.25515E+04
    0.48550E-03    0.26005E+04
    0.49530E-03    0.26503E+04
    0.50531E-03    0.27012E+04
    0.51552E-03    0.27529E+04
    0.52593E-03    0.28057E+04
    0.53656E-03    0.28594E+04
    0.54739E-03    0.29141E+04
    0.55845E-03    0.29699E+04
    0.56973E-03    0.30266E+04
    0.58124E-03    0.30844E+04
    0.59299E-03    0.31433E+04
    0.60496E-03    0.32033E+04
    0.61719E-03    0.32644E+04
    0.62965E-03    0.33266E+04
    0.64237E-03    0.33899E+04
    0.65535E-03    0.34544E+04
    0.66859E-03    0.35201E+04
    0.68210E-03    0.35870E+04
    0.69588E-03    0.36551E+04
    0.70993E-03    0.37244E+04
    0.72427E-03    0.37950E+04
    0.73891E-03    0.38669E+04
    0.75383E-03    0.39401E+04
    0.76906E-03    0.40146E+04
    0.78460E-03    0.40904E+04
    0.80045E-03    0.41676E+04
    0.81662E-03    0.42462E+04
    0.83311E-03    0.43262E+04
    0.84994E-03    0.44076E+04
    0.86711E-03    0.44904E+04
    0.88463E-03    0.45748E+04
    0.90250E-03    0.46606E+04
    0.92073E-03    0.47479E+04
    0.93933E-03    0.48367E+04
    0.95831E-03    0.49272E+04
    0.97767E-03    0.50191E+04
    0.99742E-03    0.51127E+04
    0.10176E-02    0.52080E+04
    0.10381E-02    0.53048E+04
    0.10591E-02    0.54034E+04
    0.10805E-02    0.55036E+04
    0.11023E-02    0.56055E+04
    0.11246E-02    0.57092E+04
    0.11473E-02    0.58146E+04
    0.11705E-02    0.59218E+04
    0.11941E-02    0.60309E+04
    0.12182E-02    0.61417E+04
    0.12429E-02    0.62544E+04
    0.12680E-02    0.63690E+04
    0.12936E-02    0.64854E+04
    0.13197E-02    0.66038E+04
    0.13464E-02    0.67241E+04
    0.13736E-02    0.68464E+04
    0.14013E-02    0.69707E+04
    0.14296E-02    0.70970E+04
    0.14585E-02    0.72253E+04
    0.14880E-02    0.73556E+04
    0.15180E-02    0.74880E+04
    0.15487E-02    0.76225E+04
    0.15800E-02    0.77591E+04
    0.16119E-02    0.78978E+04
    0.16445E-02    0.80387E+04
    0.16777E-02    0.81817E+04
    0.17116E-02    0.83269E+04
    0.17462E-02    0.84743E+04
    0.17814E-02    0.86239E+04
    0.18174E-02    0.87758E+04
    0.18541E-02    0.89299E+04
    0.18916E-02    0.90862E+04
    0.19298E-02    0.92448E+04
    0.19688E-02    0.94058E+04
    0.20086E-02    0.95690E+04
    0.20491E-02    0.97345E+04
    0.20905E-02    0.99024E+04
    0.21328E-02    0.10073E+05
    0.21758E-02    0.10245E+05
    0.22198E-02    0.10420E+05
    0.22646E-02    0.10597E+05
    0.23104E-02    0.10777E+05
    0.23571E-02    0.10959E+05
    0.24047E-02    0.11143E+05
    0.24533E-02    0.11330E+05
    0.25028E-02    0.11519E+05
    0.25534E-02    0.11710E+05
    0.26050E-02    0.11904E+05
    0.26576E-02    0.12100E+05
    0.27113E-02    0.12298E+05
    0.27660E-02    0.12499E+05
    0.28219E-02    0.12702E+05
    0.28789E-02    0.12907E+05
    0.29371E-02    0.13115E+05
    0.29964E-02    0.13325E+05
    0.30569E-02    0.13537E+05
    0.31187E-02    0.13752E+05
    0.31817E-02    0.13969E+05
    0.32460E-02    0.14187E+05
    0.33115E-02    0.14408E+05
    0.33784E-02    0.14632E+05
    0.34467E-02    0.14857E+05
    0.35163E-02    0.15084E+05
    0.35874E-02    0.15313E+05
    0.36598E-02    0.15545E+05
    0.37338E-02    0.15778E+05
    0.38092E-02    0.16013E+05
    0.38861E-02    0.16250E+05
    0.39646E-02    0.16489E+05
    0.40447E-02    0.16729E+05
    0.41264E-02    0.16972E+05
    0.42098E-02    0.17215E+05
    0.42948E-02    0.17461E+05
    0.43816E-02    0.17707E+05
    0.44701E-02    0.17955E+05
    0.45604E-02    0.18205E+05
    0.46525E-02    0.18456E+05
    0.47465E-02    0.18707E+05
    0.48424E-02    0.18960E+05
    0.49402E-02    0.19214E+05
    0.50400E-02    0.19468E+05
    0.51419E-02    0.19724E+05
    0.52457E-02    0.19980E+05
    0.53517E-02    0.20236E+05
    0.54598E-02    0.20493E+05
    0.55701E-02    0.20750E+05
    0.56826E-02    0.21007E+05
    0.57974E-02    0.21265E+05
    0.59145E-02    0.21522E+05
    0.60340E-02    0.21779E+05
    0.61559E-02    0.22035E+05
    0.62803E-02    0.22291E+05
    0.64072E-02    0.22546E+05
    0.65366E-02    0.22800E+05
    0.66686E-02    0.23054E+05
    0.68033E-02    0.23305E+05
    0.69408E-02    0.23556E+05
    0.70810E-02    0.23805E+05
    0.72240E-02    0.24052E+05
    0.73700E-02    0.24297E+05
    0.75189E-02    0.24539E+05
    0.76708E-02    0.24780E+05
    0.78257E-02    0.25017E+05
    0.79838E-02    0.25252E+05
    0.81451E-02    0.25484E+05
    0.83096E-02    0.25712E+05
    0.84775E-02    0.25937E+05
    0.86488E-02    0.26157E+05
    0.88235E-02    0.26374E+05
    0.90017E-02    0.26586E+05
    0.91836E-02    0.26794E+05
    0.93691E-02    0.26997E+05
    0.95583E-02    0.27194E+05
    0.97514E-02    0.27386E+05
    0.99484E-02    0.27573E+05
    0.10149E-01    0.27753E+05
    0.10354E-01    0.27927E+05
    0.10564E-01    0.28094E+05
    0.10777E-01    0.28254E+05
    0.10995E-01    0.28407E+05
    0.11217E-01    0.28552E+05
    0.11443E-01    0.28690E+05
    0.11675E-01    0.28819E+05
    0.11910E-01    0.28940E+05
    0.12151E-01    0.29051E+05
    0.12397E-01    0.29153E+05
    0.12647E-01    0.29246E+05
    0.12902E-01    0.29328E+05
    0.13163E-01    0.29401E+05
    0.13429E-01    0.29464E+05
    0.13700E-01    0.29517E+05
    0.13977E-01    0.29559E+05
    0.14259E-01    0.29588E+05
    0.14547E-01    0.29602E+05
    0.14841E-01    0.29601E+05
    0.15141E-01    0.29588E+05
    0.15447E-01    0.29567E+05
    0.15759E-01    0.29541E+05
    0.16077E-01    0.29515E+05
    0.16402E-01    0.29486E+05
    0.16734E-01    0.29445E+05
    0.17072E-01    0.29388E+05
    0.17416E-01    0.29306E+05
    0.17768E-01    0.29200E+05
    0.18127E-01    0.29074E+05
    0.18493E-01    0.28933E+05
    0.18867E-01    0.28780E+05
    0.19248E-01    0.28618E+05
    0.19637E-01    0.28441E+05
    0.20034E-01    0.28245E+05
    0.20438E-01    0.28026E+05
    0.20851E-01    0.27783E+05
    0.21272E-01    0.27520E+05
    0.21702E-01    0.27243E+05
    0.22141E-01    0.26957E+05
    0.22588E-01    0.26665E+05
    0.23044E-01    0.26368E+05
    0.23510E-01    0.26065E+05
    0.23985E-01    0.25756E+05
    0.24469E-01    0.25438E+05
    0.24964E-01    0.25112E+05
    0.25468E-01    0.24775E+05
    0.25982E-01    0.24426E+05
    0.26507E-01    0.24064E+05
    0.27043E-01    0.23689E+05
    0.27589E-01    0.23304E+05
    0.28146E-01    0.22908E+05
    0.28715E-01    0.22504E+05
    0.29295E-01    0.22093E+05
    0.29887E-01    0.21678E+05
    0.30490E-01    0.21262E+05
    0.31106E-01    0.20847E+05
    0.31735E-01    0.20435E+05
    0.32376E-01    0.20026E+05
    0.33030E-01    0.19620E+05
    0.33697E-01    0.19219E+05
    0.34378E-01    0.18823E+05
    0.35072E-01    0.18431E+05
    0.35781E-01    0.18046E+05
    0.36504E-01    0.17666E+05
    0.37241E-01    0.17292E+05
    0.37993E-01    0.16926E+05
    0.38761E-01    0.16570E+05
    0.39544E-01    0.16224E+05
    0.40343E-01    0.15890E+05
    0.41158E-01    0.15568E+05
    0.41989E-01    0.15259E+05
    0.42838E-01    0.14963E+05
    0.43703E-01    0.14680E+05
    0.44586E-01    0.14409E+05
    0.45486E-01    0.14152E+05
    0.46405E-01    0.13908E+05
    0.47343E-01    0.13677E+05
    0.48299E-01    0.13459E+05
    0.49275E-01    0.13251E+05
    0.50270E-01    0.13054E+05
    0.51286E-01    0.12867E+05
    0.52322E-01    0.12689E+05
    0.53379E-01    0.12517E+05
    0.54457E-01    0.12351E+05
    0.55557E-01    0.12189E+05
    0.56680E-01    0.12029E+05
    0.57825E-01    0.11869E+05
    0.58993E-01    0.11708E+05
    0.60184E-01    0.11543E+05
    0.61400E-01    0.11373E+05
    0.62641E-01    0.11196E+05
    0.63906E-01    0.11009E+05
    0.65197E-01    0.10812E+05
    0.66514E-01    0.10602E+05
    0.67858E-01    0.10380E+05
    0.69229E-01    0.10145E+05
    0.70627E-01    0.98966E+04
    0.72054E-01    0.96348E+04
    0.73510E-01    0.93610E+04
    0.74994E-01    0.90762E+04
    0.76509E-01    0.87823E+04
    0.78055E-01    0.84820E+04
    0.79632E-01    0.81775E+04
    0.81241E-01    0.78719E+04
    0.82882E-01    0.75686E+04
    0.84556E-01    0.72707E+04
    0.86264E-01    0.69814E+04
    0.88007E-01    0.67040E+04
    0.89785E-01    0.64412E+04
    0.91598E-01    0.61953E+04
    0.93449E-01    0.59683E+04
    0.95337E-01    0.57616E+04
    0.97263E-01    0.55757E+04
    0.99227E-01    0.54108E+04
    0.10123E+00    0.52659E+04
    0.10328E+00    0.51397E+04
    0.10536E+00    0.50300E+04
    0.10749E+00    0.49338E+04
    0.10966E+00    0.48479E+04
    0.11188E+00    0.47683E+04
    0.11414E+00    0.46910E+04
    0.11644E+00    0.46116E+04
    0.11880E+00    0.45264E+04
    0.12120E+00    0.44318E+04
    0.12365E+00    0.43251E+04
    0.12614E+00    0.42051E+04
    0.12869E+00    0.40714E+04
    0.13129E+00    0.39250E+04
    0.13394E+00    0.37685E+04
    0.13665E+00    0.36053E+04
    0.13941E+00    0.34397E+04
    0.14223E+00    0.32764E+04
    0.14510E+00    0.31200E+04
    0.14803E+00    0.29746E+04
    0.15102E+00    0.28435E+04
    0.15407E+00    0.27285E+04
    0.15718E+00    0.26304E+04
    0.16036E+00    0.25485E+04
    0.16360E+00    0.24806E+04
    0.16690E+00    0.24236E+04
    0.17028E+00    0.23732E+04
    0.17371E+00    0.23250E+04
    0.17722E+00    0.22745E+04
    0.18080E+00    0.22178E+04
    0.18446E+00    0.21526E+04
    0.18818E+00    0.20779E+04
    0.19198E+00    0.19949E+04
    0.19586E+00    0.19061E+04
    0.19982E+00    0.18152E+04
    0.20386E+00    0.17266E+04
    0.20797E+00    0.16441E+04
    0.21218E+00    0.15707E+04
    0.21646E+00    0.15076E+04
    0.22083E+00    0.14550E+04
    0.22530E+00    0.14109E+04
    0.22985E+00    0.13725E+04
    0.23449E+00    0.13362E+04
    0.23923E+00    0.12986E+04
    0.24406E+00    0.12573E+04
    0.24899E+00    0.12111E+04
    0.25402E+00    0.11608E+04
    0.25915E+00    0.11083E+04
    0.26439E+00    0.10564E+04
    0.26973E+00    0.10079E+04
    0.27518E+00    0.96460E+03
    0.28074E+00    0.92723E+03
    0.28641E+00    0.89477E+03
    0.29219E+00    0.86563E+03
    0.29810E+00    0.83746E+03
    0.30412E+00    0.80833E+03
    0.31026E+00    0.77743E+03
    0.31653E+00    0.74480E+03
    0.32292E+00    0.71189E+03
    0.32945E+00    0.68016E+03
    0.33610E+00    0.65096E+03
    0.34289E+00    0.62485E+03
    0.34982E+00    0.60125E+03
    0.35689E+00    0.57925E+03
    0.36409E+00    0.55757E+03
    0.37145E+00    0.53550E+03
    0.37895E+00    0.51307E+03
    0.38661E+00    0.49080E+03
    0.39442E+00    0.46974E+03
    0.40239E+00    0.45018E+03
    0.41052E+00    0.43166E+03
    0.41881E+00    0.41389E+03
    0.42727E+00    0.39684E+03
    0.43590E+00    0.38046E+03
    0.44471E+00    0.36472E+03
    0.45369E+00    0.34961E+03
    0.46286E+00    0.33509E+03
    0.47221E+00    0.32113E+03
    0.48174E+00    0.30772E+03
    0.49148E+00    0.29482E+03
    0.50141E+00    0.28242E+03
    0.51153E+00    0.27049E+03
    0.52187E+00    0.25903E+03
    0.53241E+00    0.24801E+03
    0.54317E+00    0.23742E+03
    0.55414E+00    0.22725E+03
    0.56533E+00    0.21748E+03
    0.57675E+00    0.20811E+03
    0.58840E+00    0.19912E+03
    0.60029E+00    0.19049E+03
    0.61242E+00    0.18222E+03
    0.62479E+00    0.17429E+03
    0.63741E+00    0.16669E+03
    0.65029E+00    0.15941E+03
    0.66342E+00    0.15244E+03
    0.67683E+00    0.14576E+03
    0.69050E+00    0.13935E+03
    0.70445E+00    0.13322E+03
    0.71868E+00    0.12735E+03
    0.73320E+00    0.12173E+03
    0.74801E+00    0.11634E+03
    0.76312E+00    0.11118E+03
    0.77854E+00    0.10624E+03
    0.79426E+00    0.10151E+03
    0.81031E+00    0.96982E+02
    0.82668E+00    0.92646E+02
    0.84338E+00    0.88497E+02
    0.86041E+00    0.84525E+02
    0.87780E+00    0.80724E+02
    0.89553E+00    0.77088E+02
    0.91362E+00    0.73608E+02
    0.93208E+00    0.70280E+02
    0.95091E+00    0.67097E+02
    0.97011E+00    0.64052E+02
    0.98971E+00    0.61141E+02
    0.10097E+01    0.58357E+02
    0.10301E+01    0.55695E+02
    0.10509E+01    0.53151E+02
    0.10721E+01    0.50719E+02
    0.10938E+01    0.48394E+02
    0.11159E+01    0.46172E+02
    0.11384E+01    0.44049E+02
    0.11614E+01    0.42020E+02
    0.11849E+01    0.40082E+02
    0.12088E+01    0.38230E+02
    0.12333E+01    0.36461E+02
    0.12582E+01    0.34771E+02
    0.12836E+01    0.33157E+02
    0.13095E+01    0.31616E+02
    0.13360E+01    0.30144E+02
    0.13630E+01    0.28739E+02
    0.13905E+01    0.27397E+02
    0.14186E+01    0.26116E+02
    0.14472E+01    0.24893E+02
    0.14765E+01    0.23726E+02
    0.15063E+01    0.22613E+02
    0.15367E+01    0.21550E+02
    0.15678E+01    0.20535E+02
    0.15994E+01    0.19568E+02
    0.16318E+01    0.18644E+02
    0.16647E+01    0.17763E+02
    0.16984E+01    0.16923E+02
    0.17327E+01    0.16121E+02
    0.17677E+01    0.15356E+02
    0.18034E+01    0.14627E+02
    0.18398E+01    0.13931E+02
    0.18770E+01    0.13267E+02
    0.19149E+01    0.12634E+02
    0.19536E+01    0.12030E+02
    0.19930E+01    0.11454E+02
    0.20333E+01    0.10905E+02
    0.20744E+01    0.10382E+02
    0.21163E+01    0.98837E+01
    0.21590E+01    0.94086E+01
    0.22026E+01    0.89561E+01
    0.22471E+01    0.85250E+01
    0.22925E+01    0.81145E+01
    0.23388E+01    0.77237E+01
    0.23861E+01    0.73516E+01
