    2    0.11735E+04    0.49310E-01    0.31649E+01
    3    0.10901E+04    0.83775E-01    0.40775E+01
    4    0.10138E+04    0.96830E-01    0.42581E+01
    5    0.95547E+03    0.87782E-01    0.40001E+01
    6    0.91267E+03    0.65957E-01    0.35128E+01
    7    0.88232E+03    0.42444E-01    0.29389E+01
    8    0.86195E+03    0.24458E-01    0.23929E+01
    9    0.84847E+03    0.14039E-01    0.19295E+01
   10    0.84124E+03    0.95994E-02    0.15686E+01
   11    0.83873E+03    0.81101E-02    0.13169E+01
   12    0.83964E+03    0.76744E-02    0.11623E+01
   13    0.84296E+03    0.70632E-02    0.10877E+01
   14    0.84829E+03    0.62780E-02    0.10732E+01
   15    0.85533E+03    0.56287E-02    0.10983E+01
   16    0.86385E+03    0.53599E-02    0.11451E+01
   17    0.87362E+03    0.54576E-02    0.12057E+01
   18    0.88445E+03    0.58429E-02    0.12748E+01
   19    0.89615E+03    0.64369E-02    0.13471E+01
   20    0.90853E+03    0.71609E-02    0.14172E+01
   21    0.92142E+03    0.79523E-02    0.14808E+01
   22    0.93477E+03    0.88143E-02    0.15373E+01
   23    0.94856E+03    0.97666E-02    0.15871E+01
   24    0.96276E+03    0.10829E-01    0.16306E+01
   25    0.97734E+03    0.12020E-01    0.16683E+01
   26    0.99230E+03    0.13361E-01    0.17005E+01
   27    0.10076E+04    0.14870E-01    0.17276E+01
   28    0.10232E+04    0.16567E-01    0.17501E+01
   29    0.10391E+04    0.18473E-01    0.17683E+01
   30    0.10553E+04    0.20605E-01    0.17826E+01
   31    0.10718E+04    0.22982E-01    0.17934E+01
   32    0.10885E+04    0.25604E-01    0.18000E+01
   33    0.11054E+04    0.28472E-01    0.18018E+01
   34    0.11226E+04    0.31584E-01    0.17983E+01
   35    0.11400E+04    0.34939E-01    0.17887E+01
   36    0.11576E+04    0.38537E-01    0.17724E+01
   37    0.11754E+04    0.42376E-01    0.17488E+01
   38    0.11934E+04    0.46457E-01    0.17172E+01
   39    0.12116E+04    0.50777E-01    0.16770E+01
   40    0.12301E+04    0.55335E-01    0.16275E+01
   41    0.12487E+04    0.60133E-01    0.15681E+01
   42    0.12675E+04    0.65170E-01    0.14982E+01
   43    0.12864E+04    0.70450E-01    0.14172E+01
   44    0.13056E+04    0.75975E-01    0.13244E+01
   45    0.13250E+04    0.81746E-01    0.12194E+01
   46    0.13446E+04    0.87766E-01    0.11014E+01
   47    0.13643E+04    0.94037E-01    0.96997E+00
   48    0.13843E+04    0.10056E+00    0.82442E+00
   49    0.14045E+04    0.10734E+00    0.66419E+00
   50    0.14248E+04    0.11438E+00    0.48867E+00
   51    0.14454E+04    0.12168E+00    0.29744E+00
   52    0.14662E+04    0.12924E+00    0.90807E-01
   53    0.14872E+04    0.13707E+00   -0.13076E+00
   54    0.15084E+04    0.14517E+00   -0.36679E+00
   55    0.15298E+04    0.15355E+00   -0.61680E+00
   56    0.15514E+04    0.16221E+00   -0.88033E+00
   57    0.15732E+04    0.17116E+00   -0.11569E+01
   58    0.15952E+04    0.18039E+00   -0.14460E+01
   59    0.16174E+04    0.18992E+00   -0.17472E+01
   60    0.16398E+04    0.19974E+00   -0.20600E+01
   61    0.16624E+04    0.20987E+00   -0.23841E+01
   62    0.16853E+04    0.22028E+00   -0.27195E+01
   63    0.17083E+04    0.23099E+00   -0.30662E+01
   64    0.17315E+04    0.24198E+00   -0.34245E+01
   65    0.17549E+04    0.25325E+00   -0.37945E+01
   66    0.17786E+04    0.26479E+00   -0.41763E+01
   67    0.18025E+04    0.27659E+00   -0.45701E+01
   68    0.18266E+04    0.28865E+00   -0.49759E+01
   69    0.18510E+04    0.30097E+00   -0.53940E+01
   70    0.18756E+04    0.31353E+00   -0.58245E+01
   71    0.19004E+04    0.32633E+00   -0.62674E+01
   72    0.19255E+04    0.33936E+00   -0.67225E+01
   73    0.19508E+04    0.35261E+00   -0.71898E+01
   74    0.19764E+04    0.36606E+00   -0.76688E+01
   75    0.20022E+04    0.37971E+00   -0.81594E+01
   76    0.20283E+04    0.39353E+00   -0.86614E+01
   77    0.20546E+04    0.40752E+00   -0.91745E+01
   78    0.20811E+04    0.42167E+00   -0.96985E+01
   79    0.21079E+04    0.43596E+00   -0.10233E+02
   80    0.21349E+04    0.45038E+00   -0.10778E+02
   81    0.21621E+04    0.46492E+00   -0.11334E+02
   82    0.21896E+04    0.47957E+00   -0.11898E+02
   83    0.22173E+04    0.49430E+00   -0.12472E+02
   84    0.22452E+04    0.50910E+00   -0.13055E+02
   85    0.22734E+04    0.52397E+00   -0.13645E+02
   86    0.23018E+04    0.53887E+00   -0.14243E+02
   87    0.23305E+04    0.55381E+00   -0.14847E+02
   88    0.23594E+04    0.56875E+00   -0.15457E+02
   89    0.23886E+04    0.58369E+00   -0.16073E+02
   90    0.24180E+04    0.59861E+00   -0.16694E+02
   91    0.24476E+04    0.61350E+00   -0.17320E+02
   92    0.24776E+04    0.62834E+00   -0.17949E+02
   93    0.25077E+04    0.64313E+00   -0.18582E+02
   94    0.25381E+04    0.65785E+00   -0.19218E+02
   95    0.25687E+04    0.67248E+00   -0.19857E+02
   96    0.25995E+04    0.68703E+00   -0.20498E+02
   97    0.26306E+04    0.70147E+00   -0.21141E+02
   98    0.26619E+04    0.71580E+00   -0.21785E+02
   99    0.26933E+04    0.73000E+00   -0.22431E+02
  100    0.27250E+04    0.74406E+00   -0.23077E+02
  101    0.27569E+04    0.75797E+00   -0.23723E+02
  102    0.27890E+04    0.77173E+00   -0.24369E+02
  103    0.28213E+04    0.78531E+00   -0.25014E+02
  104    0.28537E+04    0.79871E+00   -0.25658E+02
  105    0.28864E+04    0.81191E+00   -0.26301E+02
  106    0.29192E+04    0.82490E+00   -0.26941E+02
  107    0.29522E+04    0.83768E+00   -0.27580E+02
  108    0.29854E+04    0.85023E+00   -0.28215E+02
  109    0.30187E+04    0.86254E+00   -0.28848E+02
  110    0.30522E+04    0.87459E+00   -0.29476E+02
  111    0.30858E+04    0.88638E+00   -0.30101E+02
  112    0.31195E+04    0.89790E+00   -0.30721E+02
  113    0.31535E+04    0.90913E+00   -0.31336E+02
  114    0.31875E+04    0.92006E+00   -0.31945E+02
  115    0.32216E+04    0.93068E+00   -0.32548E+02
  116    0.32559E+04    0.94099E+00   -0.33143E+02
  117    0.32903E+04    0.95097E+00   -0.33732E+02
  118    0.33248E+04    0.96060E+00   -0.34312E+02
  119    0.33593E+04    0.96988E+00   -0.34883E+02
  120    0.33940E+04    0.97880E+00   -0.35445E+02
  121    0.34287E+04    0.98735E+00   -0.35997E+02
  122    0.34635E+04    0.99551E+00   -0.36539E+02
  123    0.34984E+04    0.10033E+01   -0.37069E+02
  124    0.35333E+04    0.10106E+01   -0.37588E+02
  125    0.35683E+04    0.10176E+01   -0.38095E+02
  126    0.36033E+04    0.10241E+01   -0.38588E+02
  127    0.36384E+04    0.10302E+01   -0.39069E+02
  128    0.36734E+04    0.10358E+01   -0.39535E+02
  129    0.37085E+04    0.10410E+01   -0.39987E+02
  130    0.37436E+04    0.10456E+01   -0.40424E+02
  131    0.37787E+04    0.10499E+01   -0.40845E+02
  132    0.38138E+04    0.10536E+01   -0.41249E+02
  133    0.38489E+04    0.10568E+01   -0.41638E+02
  134    0.38840E+04    0.10596E+01   -0.42009E+02
  135    0.39190E+04    0.10619E+01   -0.42362E+02
  136    0.39539E+04    0.10637E+01   -0.42698E+02
  137    0.39888E+04    0.10651E+01   -0.43015E+02
  138    0.40237E+04    0.10659E+01   -0.43313E+02
  139    0.40584E+04    0.10663E+01   -0.43592E+02
  140    0.40930E+04    0.10663E+01   -0.43851E+02
  141    0.41276E+04    0.10657E+01   -0.44090E+02
  142    0.41620E+04    0.10648E+01   -0.44308E+02
  143    0.41963E+04    0.10633E+01   -0.44505E+02
  144    0.42304E+04    0.10614E+01   -0.44681E+02
  145    0.42644E+04    0.10590E+01   -0.44834E+02
  146    0.42982E+04    0.10562E+01   -0.44966E+02
  147    0.43319E+04    0.10529E+01   -0.45074E+02
  148    0.43653E+04    0.10492E+01   -0.45159E+02
  149    0.43986E+04    0.10450E+01   -0.45220E+02
  150    0.44316E+04    0.10404E+01   -0.45257E+02
  151    0.44645E+04    0.10353E+01   -0.45269E+02
  152    0.44971E+04    0.10298E+01   -0.45257E+02
  153    0.45295E+04    0.10238E+01   -0.45220E+02
  154    0.45616E+04    0.10175E+01   -0.45157E+02
  155    0.45935E+04    0.10108E+01   -0.45070E+02
  156    0.46251E+04    0.10038E+01   -0.44957E+02
  157    0.46564E+04    0.99638E+00   -0.44819E+02
  158    0.46875E+04    0.98865E+00   -0.44655E+02
  159    0.47183E+04    0.98062E+00   -0.44466E+02
  160    0.47488E+04    0.97230E+00   -0.44251E+02
  161    0.47791E+04    0.96370E+00   -0.44010E+02
  162    0.48090E+04    0.95485E+00   -0.43744E+02
  163    0.48386E+04    0.94576E+00   -0.43451E+02
  164    0.48678E+04    0.93645E+00   -0.43132E+02
  165    0.48968E+04    0.92694E+00   -0.42786E+02
  166    0.49254E+04    0.91724E+00   -0.42414E+02
  167    0.49537E+04    0.90738E+00   -0.42016E+02
  168    0.49816E+04    0.89736E+00   -0.41591E+02
  169    0.50092E+04    0.88721E+00   -0.41139E+02
  170    0.50364E+04    0.87695E+00   -0.40660E+02
  171    0.50633E+04    0.86659E+00   -0.40154E+02
  172    0.50897E+04    0.85614E+00   -0.39621E+02
  173    0.51158E+04    0.84563E+00   -0.39061E+02
  174    0.51415E+04    0.83508E+00   -0.38473E+02
  175    0.51667E+04    0.82450E+00   -0.37858E+02
  176    0.51916E+04    0.81391E+00   -0.37215E+02
  177    0.52161E+04    0.80334E+00   -0.36545E+02
  178    0.52401E+04    0.79284E+00   -0.35847E+02
  179    0.52637E+04    0.78242E+00   -0.35123E+02
  180    0.52868E+04    0.77214E+00   -0.34371E+02
  181    0.53095E+04    0.76202E+00   -0.33592E+02
  182    0.53317E+04    0.75209E+00   -0.32787E+02
  183    0.53535E+04    0.74240E+00   -0.31955E+02
  184    0.53748E+04    0.73298E+00   -0.31097E+02
  185    0.53956E+04    0.72386E+00   -0.30213E+02
  186    0.54160E+04    0.71508E+00   -0.29302E+02
  187    0.54358E+04    0.70667E+00   -0.28366E+02
  188    0.54551E+04    0.69867E+00   -0.27404E+02
  189    0.54739E+04    0.69111E+00   -0.26416E+02
  190    0.54922E+04    0.68403E+00   -0.25403E+02
  191    0.55099E+04    0.67745E+00   -0.24365E+02
  192    0.55272E+04    0.67143E+00   -0.23302E+02
  193    0.55438E+04    0.66599E+00   -0.22213E+02
  194    0.55599E+04    0.66116E+00   -0.21100E+02
  195    0.55755E+04    0.65699E+00   -0.19962E+02
  196    0.55905E+04    0.65350E+00   -0.18800E+02
  197    0.56049E+04    0.65073E+00   -0.17614E+02
  198    0.56187E+04    0.64872E+00   -0.16403E+02
  199    0.56319E+04    0.64750E+00   -0.15169E+02
  200    0.56445E+04    0.64710E+00   -0.13910E+02
  201    0.56565E+04    0.64757E+00   -0.12628E+02
  202    0.56679E+04    0.64892E+00   -0.11323E+02
  203    0.56787E+04    0.65121E+00   -0.99957E+01
  204    0.56889E+04    0.65444E+00   -0.86467E+01
  205    0.56985E+04    0.65867E+00   -0.72768E+01
  206    0.57074E+04    0.66391E+00   -0.58866E+01
  207    0.57158E+04    0.67020E+00   -0.44768E+01
  208    0.57235E+04    0.67758E+00   -0.30480E+01
  209    0.57307E+04    0.68607E+00   -0.16010E+01
  210    0.57372E+04    0.69571E+00   -0.13640E+00
  211    0.57431E+04    0.70652E+00    0.13451E+01
  212    0.57485E+04    0.71855E+00    0.28428E+01
  213    0.57532E+04    0.73182E+00    0.43561E+01
  214    0.57573E+04    0.74636E+00    0.58842E+01
  215    0.57608E+04    0.76220E+00    0.74265E+01
  216    0.57637E+04    0.77938E+00    0.89824E+01
  217    0.57660E+04    0.79794E+00    0.10551E+02
  218    0.57677E+04    0.81789E+00    0.12132E+02
  219    0.57688E+04    0.83927E+00    0.13724E+02
  220    0.57693E+04    0.86212E+00    0.15327E+02
  221    0.57691E+04    0.88646E+00    0.16941E+02
  222    0.57684E+04    0.91233E+00    0.18563E+02
  223    0.57671E+04    0.93976E+00    0.20195E+02
  224    0.57652E+04    0.96878E+00    0.21834E+02
  225    0.57627E+04    0.99942E+00    0.23481E+02
  226    0.57596E+04    0.10317E+01    0.25135E+02
  227    0.57559E+04    0.10657E+01    0.26795E+02
  228    0.57515E+04    0.11014E+01    0.28460E+02
  229    0.57466E+04    0.11389E+01    0.30130E+02
  230    0.57411E+04    0.11781E+01    0.31804E+02
  231    0.57350E+04    0.12191E+01    0.33482E+02
  232    0.57283E+04    0.12620E+01    0.35162E+02
  233    0.57210E+04    0.13068E+01    0.36844E+02
  234    0.57131E+04    0.13535E+01    0.38527E+02
  235    0.57046E+04    0.14021E+01    0.40211E+02
  236    0.56956E+04    0.14527E+01    0.41895E+02
  237    0.56859E+04    0.15053E+01    0.43578E+02
  238    0.56756E+04    0.15599E+01    0.45260E+02
  239    0.56647E+04    0.16166E+01    0.46940E+02
  240    0.56533E+04    0.16754E+01    0.48617E+02
  241    0.56412E+04    0.17363E+01    0.50291E+02
  242    0.56286E+04    0.17994E+01    0.51961E+02
  243    0.56153E+04    0.18647E+01    0.53626E+02
  244    0.56015E+04    0.19322E+01    0.55285E+02
  245    0.55871E+04    0.20019E+01    0.56938E+02
  246    0.55721E+04    0.20740E+01    0.58585E+02
  247    0.55565E+04    0.21484E+01    0.60224E+02
  248    0.55403E+04    0.22251E+01    0.61855E+02
  249    0.55235E+04    0.23042E+01    0.63477E+02
  250    0.55062E+04    0.23857E+01    0.65090E+02
  251    0.54882E+04    0.24697E+01    0.66692E+02
  252    0.54697E+04    0.25561E+01    0.68284E+02
  253    0.54506E+04    0.26449E+01    0.69864E+02
  254    0.54309E+04    0.27361E+01    0.71432E+02
  255    0.54107E+04    0.28296E+01    0.72988E+02
  256    0.53900E+04    0.29255E+01    0.74531E+02
  257    0.53687E+04    0.30237E+01    0.76059E+02
  258    0.53470E+04    0.31241E+01    0.77574E+02
  259    0.53247E+04    0.32269E+01    0.79073E+02
  260    0.53019E+04    0.33319E+01    0.80557E+02
  261    0.52786E+04    0.34391E+01    0.82024E+02
  262    0.52549E+04    0.35485E+01    0.83475E+02
  263    0.52307E+04    0.36601E+01    0.84909E+02
  264    0.52061E+04    0.37738E+01    0.86324E+02
  265    0.51810E+04    0.38897E+01    0.87721E+02
  266    0.51554E+04    0.40077E+01    0.89098E+02
  267    0.51295E+04    0.41278E+01    0.90456E+02
  268    0.51031E+04    0.42499E+01    0.91793E+02
  269    0.50764E+04    0.43741E+01    0.93109E+02
  270    0.50492E+04    0.45003E+01    0.94404E+02
  271    0.50217E+04    0.46285E+01    0.95676E+02
  272    0.49938E+04    0.47586E+01    0.96926E+02
  273    0.49656E+04    0.48908E+01    0.98152E+02
  274    0.49369E+04    0.50248E+01    0.99354E+02
  275    0.49080E+04    0.51608E+01    0.10053E+03
  276    0.48787E+04    0.52986E+01    0.10168E+03
  277    0.48491E+04    0.54383E+01    0.10281E+03
  278    0.48193E+04    0.55799E+01    0.10391E+03
  279    0.47891E+04    0.57232E+01    0.10498E+03
  280    0.47586E+04    0.58684E+01    0.10603E+03
  281    0.47278E+04    0.60153E+01    0.10705E+03
  282    0.46968E+04    0.61640E+01    0.10803E+03
  283    0.46655E+04    0.63144E+01    0.10899E+03
  284    0.46340E+04    0.64665E+01    0.10992E+03
  285    0.46023E+04    0.66203E+01    0.11082E+03
  286    0.45703E+04    0.67757E+01    0.11169E+03
  287    0.45381E+04    0.69328E+01    0.11252E+03
  288    0.45057E+04    0.70915E+01    0.11332E+03
  289    0.44731E+04    0.72517E+01    0.11409E+03
  290    0.44404E+04    0.74136E+01    0.11483E+03
  291    0.44074E+04    0.75770E+01    0.11553E+03
  292    0.43743E+04    0.77419E+01    0.11620E+03
  293    0.43411E+04    0.79083E+01    0.11683E+03
  294    0.43077E+04    0.80762E+01    0.11742E+03
  295    0.42742E+04    0.82456E+01    0.11798E+03
  296    0.42405E+04    0.84164E+01    0.11850E+03
  297    0.42068E+04    0.85886E+01    0.11898E+03
  298    0.41729E+04    0.87621E+01    0.11943E+03
  299    0.41390E+04    0.89371E+01    0.11983E+03
  300    0.41050E+04    0.91134E+01    0.12020E+03
  301    0.40709E+04    0.92910E+01    0.12053E+03
  302    0.40368E+04    0.94698E+01    0.12081E+03
  303    0.40026E+04    0.96498E+01    0.12106E+03
  304    0.39684E+04    0.98310E+01    0.12126E+03
  305    0.39341E+04    0.10013E+02    0.12143E+03
  306    0.38998E+04    0.10196E+02    0.12156E+03
  307    0.38655E+04    0.10380E+02    0.12164E+03
  308    0.38312E+04    0.10565E+02    0.12169E+03
  309    0.37970E+04    0.10750E+02    0.12170E+03
  310    0.37627E+04    0.10937E+02    0.12168E+03
  311    0.37284E+04    0.11123E+02    0.12161E+03
  312    0.36942E+04    0.11310E+02    0.12150E+03
  313    0.36601E+04    0.11498E+02    0.12136E+03
  314    0.36259E+04    0.11686E+02    0.12118E+03
  315    0.35919E+04    0.11874E+02    0.12096E+03
  316    0.35579E+04    0.12063E+02    0.12071E+03
  317    0.35240E+04    0.12252E+02    0.12042E+03
  318    0.34902E+04    0.12440E+02    0.12009E+03
  319    0.34564E+04    0.12629E+02    0.11972E+03
  320    0.34228E+04    0.12817E+02    0.11932E+03
  321    0.33893E+04    0.13006E+02    0.11888E+03
  322    0.33560E+04    0.13194E+02    0.11841E+03
  323    0.33227E+04    0.13382E+02    0.11790E+03
  324    0.32896E+04    0.13569E+02    0.11735E+03
  325    0.32567E+04    0.13756E+02    0.11677E+03
  326    0.32239E+04    0.13943E+02    0.11616E+03
  327    0.31913E+04    0.14129E+02    0.11551E+03
  328    0.31589E+04    0.14314E+02    0.11482E+03
  329    0.31267E+04    0.14498E+02    0.11410E+03
  330    0.30946E+04    0.14682E+02    0.11334E+03
  331    0.30628E+04    0.14865E+02    0.11255E+03
  332    0.30312E+04    0.15046E+02    0.11173E+03
  333    0.29998E+04    0.15227E+02    0.11087E+03
  334    0.29687E+04    0.15407E+02    0.10998E+03
  335    0.29378E+04    0.15585E+02    0.10906E+03
  336    0.29072E+04    0.15762E+02    0.10810E+03
  337    0.28768E+04    0.15938E+02    0.10711E+03
  338    0.28467E+04    0.16112E+02    0.10608E+03
  339    0.28169E+04    0.16285E+02    0.10503E+03
  340    0.27873E+04    0.16456E+02    0.10394E+03
  341    0.27581E+04    0.16625E+02    0.10282E+03
  342    0.27292E+04    0.16793E+02    0.10166E+03
  343    0.27006E+04    0.16959E+02    0.10048E+03
  344    0.26723E+04    0.17123E+02    0.99260E+02
  345    0.26444E+04    0.17285E+02    0.98012E+02
  346    0.26168E+04    0.17446E+02    0.96732E+02
  347    0.25895E+04    0.17604E+02    0.95422E+02
  348    0.25627E+04    0.17760E+02    0.94081E+02
  349    0.25362E+04    0.17913E+02    0.92709E+02
  350    0.25101E+04    0.18065E+02    0.91306E+02
  351    0.24843E+04    0.18214E+02    0.89874E+02
  352    0.24590E+04    0.18360E+02    0.88412E+02
  353    0.24341E+04    0.18504E+02    0.86921E+02
  354    0.24095E+04    0.18646E+02    0.85403E+02
  355    0.23854E+04    0.18785E+02    0.83858E+02
  356    0.23617E+04    0.18921E+02    0.82286E+02
  357    0.23383E+04    0.19055E+02    0.80690E+02
  358    0.23154E+04    0.19186E+02    0.79068E+02
  359    0.22929E+04    0.19315E+02    0.77424E+02
  360    0.22707E+04    0.19440E+02    0.75756E+02
  361    0.22490E+04    0.19563E+02    0.74066E+02
  362    0.22277E+04    0.19683E+02    0.72355E+02
  363    0.22068E+04    0.19800E+02    0.70623E+02
  364    0.21863E+04    0.19914E+02    0.68872E+02
  365    0.21662E+04    0.20026E+02    0.67102E+02
  366    0.21465E+04    0.20134E+02    0.65314E+02
  367    0.21272E+04    0.20239E+02    0.63509E+02
  368    0.21083E+04    0.20341E+02    0.61688E+02
  369    0.20899E+04    0.20440E+02    0.59851E+02
  370    0.20719E+04    0.20536E+02    0.57999E+02
  371    0.20543E+04    0.20629E+02    0.56134E+02
  372    0.20371E+04    0.20718E+02    0.54255E+02
  373    0.20203E+04    0.20804E+02    0.52364E+02
  374    0.20039E+04    0.20887E+02    0.50462E+02
  375    0.19880E+04    0.20966E+02    0.48549E+02
  376    0.19725E+04    0.21043E+02    0.46627E+02
  377    0.19574E+04    0.21115E+02    0.44695E+02
  378    0.19428E+04    0.21184E+02    0.42755E+02
  379    0.19285E+04    0.21250E+02    0.40808E+02
  380    0.19147E+04    0.21312E+02    0.38854E+02
  381    0.19014E+04    0.21370E+02    0.36895E+02
  382    0.18884E+04    0.21425E+02    0.34930E+02
  383    0.18759E+04    0.21476E+02    0.32962E+02
  384    0.18638E+04    0.21523E+02    0.30990E+02
  385    0.18522E+04    0.21567E+02    0.29016E+02
  386    0.18410E+04    0.21607E+02    0.27040E+02
  387    0.18302E+04    0.21643E+02    0.25064E+02
  388    0.18199E+04    0.21675E+02    0.23087E+02
  389    0.18100E+04    0.21703E+02    0.21112E+02
  390    0.18006E+04    0.21727E+02    0.19137E+02
  391    0.17915E+04    0.21747E+02    0.17166E+02
  392    0.17830E+04    0.21763E+02    0.15197E+02
  393    0.17749E+04    0.21775E+02    0.13233E+02
  394    0.17672E+04    0.21783E+02    0.11274E+02
  395    0.17600E+04    0.21787E+02    0.93200E+01
  396    0.17532E+04    0.21786E+02    0.73729E+01
  397    0.17468E+04    0.21781E+02    0.54331E+01
  398    0.17410E+04    0.21772E+02    0.35015E+01
  399    0.17355E+04    0.21759E+02    0.15789E+01
  400    0.17305E+04    0.21741E+02   -0.33391E+00
  401    0.17260E+04    0.21719E+02   -0.22361E+01
  402    0.17219E+04    0.21692E+02   -0.41272E+01
  403    0.17183E+04    0.21662E+02   -0.60064E+01
  404    0.17151E+04    0.21627E+02   -0.78734E+01
  405    0.17123E+04    0.21587E+02   -0.97274E+01
  406    0.17100E+04    0.21544E+02   -0.11568E+02
  407    0.17080E+04    0.21496E+02   -0.13395E+02
  408    0.17065E+04    0.21445E+02   -0.15206E+02
  409    0.17054E+04    0.21389E+02   -0.17003E+02
  410    0.17046E+04    0.21330E+02   -0.18784E+02
  411    0.17043E+04    0.21267E+02   -0.20549E+02
  412    0.17043E+04    0.21200E+02   -0.22297E+02
  413    0.17048E+04    0.21129E+02   -0.24027E+02
  414    0.17055E+04    0.21055E+02   -0.25740E+02
  415    0.17067E+04    0.20977E+02   -0.27434E+02
  416    0.17082E+04    0.20895E+02   -0.29108E+02
  417    0.17101E+04    0.20810E+02   -0.30763E+02
  418    0.17123E+04    0.20721E+02   -0.32398E+02
  419    0.17148E+04    0.20629E+02   -0.34012E+02
  420    0.17177E+04    0.20534E+02   -0.35604E+02
  421    0.17209E+04    0.20435E+02   -0.37175E+02
  422    0.17244E+04    0.20333E+02   -0.38723E+02
  423    0.17282E+04    0.20228E+02   -0.40248E+02
  424    0.17323E+04    0.20120E+02   -0.41749E+02
  425    0.17368E+04    0.20009E+02   -0.43226E+02
  426    0.17415E+04    0.19895E+02   -0.44678E+02
  427    0.17465E+04    0.19778E+02   -0.46105E+02
  428    0.17518E+04    0.19658E+02   -0.47505E+02
  429    0.17573E+04    0.19535E+02   -0.48880E+02
  430    0.17632E+04    0.19409E+02   -0.50227E+02
  431    0.17693E+04    0.19281E+02   -0.51546E+02
  432    0.17756E+04    0.19150E+02   -0.52837E+02
  433    0.17822E+04    0.19017E+02   -0.54100E+02
  434    0.17890E+04    0.18880E+02   -0.55333E+02
  435    0.17961E+04    0.18742E+02   -0.56536E+02
  436    0.18034E+04    0.18601E+02   -0.57709E+02
  437    0.18109E+04    0.18457E+02   -0.58851E+02
  438    0.18186E+04    0.18312E+02   -0.59961E+02
  439    0.18265E+04    0.18164E+02   -0.61038E+02
  440    0.18347E+04    0.18013E+02   -0.62083E+02
  441    0.18430E+04    0.17861E+02   -0.63095E+02
  442    0.18515E+04    0.17706E+02   -0.64073E+02
  443    0.18602E+04    0.17550E+02   -0.65016E+02
  444    0.18691E+04    0.17391E+02   -0.65925E+02
  445    0.18781E+04    0.17231E+02   -0.66797E+02
  446    0.18873E+04    0.17069E+02   -0.67634E+02
  447    0.18967E+04    0.16905E+02   -0.68434E+02
  448    0.19062E+04    0.16739E+02   -0.69196E+02
  449    0.19159E+04    0.16571E+02   -0.69921E+02
  450    0.19257E+04    0.16402E+02   -0.70607E+02
  451    0.19356E+04    0.16231E+02   -0.71254E+02
  452    0.19456E+04    0.16059E+02   -0.71863E+02
  453    0.19558E+04    0.15885E+02   -0.72433E+02
  454    0.19661E+04    0.15710E+02   -0.72965E+02
  455    0.19765E+04    0.15534E+02   -0.73459E+02
  456    0.19870E+04    0.15357E+02   -0.73915E+02
  457    0.19975E+04    0.15179E+02   -0.74334E+02
  458    0.20082E+04    0.15000E+02   -0.74716E+02
  459    0.20189E+04    0.14821E+02   -0.75061E+02
  460    0.20297E+04    0.14641E+02   -0.75370E+02
  461    0.20406E+04    0.14460E+02   -0.75642E+02
  462    0.20515E+04    0.14279E+02   -0.75878E+02
  463    0.20625E+04    0.14097E+02   -0.76079E+02
  464    0.20735E+04    0.13915E+02   -0.76244E+02
  465    0.20846E+04    0.13734E+02   -0.76374E+02
  466    0.20957E+04    0.13552E+02   -0.76469E+02
  467    0.21068E+04    0.13370E+02   -0.76529E+02
  468    0.21179E+04    0.13189E+02   -0.76555E+02
  469    0.21290E+04    0.13008E+02   -0.76547E+02
  470    0.21402E+04    0.12827E+02   -0.76505E+02
  471    0.21513E+04    0.12647E+02   -0.76430E+02
  472    0.21625E+04    0.12467E+02   -0.76321E+02
  473    0.21736E+04    0.12288E+02   -0.76180E+02
  474    0.21847E+04    0.12111E+02   -0.76006E+02
  475    0.21958E+04    0.11934E+02   -0.75799E+02
  476    0.22068E+04    0.11758E+02   -0.75560E+02
  477    0.22178E+04    0.11583E+02   -0.75289E+02
  478    0.22288E+04    0.11410E+02   -0.74987E+02
  479    0.22397E+04    0.11238E+02   -0.74653E+02
  480    0.22505E+04    0.11067E+02   -0.74288E+02
  481    0.22612E+04    0.10898E+02   -0.73893E+02
  482    0.22719E+04    0.10731E+02   -0.73466E+02
  483    0.22825E+04    0.10566E+02   -0.73010E+02
  484    0.22931E+04    0.10402E+02   -0.72524E+02
  485    0.23035E+04    0.10241E+02   -0.72008E+02
  486    0.23138E+04    0.10082E+02   -0.71462E+02
  487    0.23240E+04    0.99248E+01   -0.70888E+02
  488    0.23341E+04    0.97701E+01   -0.70284E+02
  489    0.23441E+04    0.96179E+01   -0.69652E+02
  490    0.23540E+04    0.94682E+01   -0.68992E+02
  491    0.23637E+04    0.93213E+01   -0.68303E+02
  492    0.23733E+04    0.91771E+01   -0.67587E+02
  493    0.23827E+04    0.90357E+01   -0.66843E+02
  494    0.23920E+04    0.88974E+01   -0.66072E+02
  495    0.24011E+04    0.87621E+01   -0.65275E+02
  496    0.24100E+04    0.86301E+01   -0.64450E+02
  497    0.24188E+04    0.85014E+01   -0.63599E+02
  498    0.24274E+04    0.83760E+01   -0.62722E+02
  499    0.24358E+04    0.82542E+01   -0.61819E+02
  500    0.24440E+04    0.81360E+01   -0.60890E+02
  501    0.24520E+04    0.80216E+01   -0.59936E+02
  502    0.24598E+04    0.79109E+01   -0.58958E+02
  503    0.24675E+04    0.78040E+01   -0.57956E+02
  504    0.24749E+04    0.77010E+01   -0.56931E+02
  505    0.24821E+04    0.76018E+01   -0.55884E+02
  506    0.24891E+04    0.75066E+01   -0.54815E+02
  507    0.24959E+04    0.74153E+01   -0.53726E+02
  508    0.25024E+04    0.73281E+01   -0.52618E+02
  509    0.25088E+04    0.72448E+01   -0.51490E+02
  510    0.25150E+04    0.71657E+01   -0.50344E+02
  511    0.25210E+04    0.70907E+01   -0.49181E+02
  512    0.25267E+04    0.70198E+01   -0.48001E+02
  513    0.25322E+04    0.69531E+01   -0.46805E+02
  514    0.25376E+04    0.68907E+01   -0.45595E+02
  515    0.25427E+04    0.68325E+01   -0.44370E+02
  516    0.25476E+04    0.67787E+01   -0.43132E+02
  517    0.25523E+04    0.67292E+01   -0.41881E+02
  518    0.25568E+04    0.66841E+01   -0.40618E+02
  519    0.25610E+04    0.66434E+01   -0.39345E+02
  520    0.25651E+04    0.66071E+01   -0.38061E+02
  521    0.25689E+04    0.65754E+01   -0.36767E+02
  522    0.25725E+04    0.65482E+01   -0.35466E+02
  523    0.25759E+04    0.65256E+01   -0.34156E+02
  524    0.25791E+04    0.65077E+01   -0.32839E+02
  525    0.25820E+04    0.64944E+01   -0.31516E+02
  526    0.25848E+04    0.64857E+01   -0.30187E+02
  527    0.25873E+04    0.64819E+01   -0.28854E+02
  528    0.25896E+04    0.64827E+01   -0.27517E+02
  529    0.25916E+04    0.64885E+01   -0.26177E+02
  530    0.25935E+04    0.64990E+01   -0.24834E+02
  531    0.25951E+04    0.65145E+01   -0.23491E+02
  532    0.25965E+04    0.65348E+01   -0.22146E+02
  533    0.25976E+04    0.65602E+01   -0.20801E+02
  534    0.25986E+04    0.65905E+01   -0.19458E+02
  535    0.25993E+04    0.66259E+01   -0.18116E+02
  536    0.25997E+04    0.66664E+01   -0.16776E+02
  537    0.26000E+04    0.67120E+01   -0.15440E+02
  538    0.26000E+04    0.67628E+01   -0.14108E+02
  539    0.25998E+04    0.68187E+01   -0.12781E+02
  540    0.25993E+04    0.68799E+01   -0.11459E+02
  541    0.25986E+04    0.69464E+01   -0.10144E+02
  542    0.25977E+04    0.70182E+01   -0.88362E+01
  543    0.25966E+04    0.70954E+01   -0.75363E+01
  544    0.25952E+04    0.71779E+01   -0.62453E+01
  545    0.25935E+04    0.72659E+01   -0.49639E+01
  546    0.25917E+04    0.73593E+01   -0.36930E+01
  547    0.25896E+04    0.74583E+01   -0.24332E+01
  548    0.25872E+04    0.75628E+01   -0.11855E+01
  549    0.25846E+04    0.76728E+01    0.49465E-01
  550    0.25818E+04    0.77886E+01    0.12708E+01
  551    0.25788E+04    0.79099E+01    0.24778E+01
  552    0.25754E+04    0.80368E+01    0.36699E+01
  553    0.25719E+04    0.81693E+01    0.48468E+01
  554    0.25681E+04    0.83071E+01    0.60078E+01
  555    0.25642E+04    0.84503E+01    0.71527E+01
  556    0.25599E+04    0.85987E+01    0.82808E+01
  557    0.25555E+04    0.87523E+01    0.93918E+01
  558    0.25509E+04    0.89110E+01    0.10485E+02
  559    0.25460E+04    0.90747E+01    0.11560E+02
  560    0.25410E+04    0.92433E+01    0.12617E+02
  561    0.25358E+04    0.94167E+01    0.13655E+02
  562    0.25303E+04    0.95949E+01    0.14673E+02
  563    0.25247E+04    0.97777E+01    0.15672E+02
  564    0.25189E+04    0.99652E+01    0.16650E+02
  565    0.25129E+04    0.10157E+02    0.17607E+02
  566    0.25067E+04    0.10354E+02    0.18543E+02
  567    0.25004E+04    0.10554E+02    0.19457E+02
  568    0.24939E+04    0.10759E+02    0.20349E+02
  569    0.24873E+04    0.10968E+02    0.21218E+02
  570    0.24804E+04    0.11182E+02    0.22064E+02
  571    0.24735E+04    0.11399E+02    0.22886E+02
  572    0.24663E+04    0.11620E+02    0.23685E+02
  573    0.24591E+04    0.11845E+02    0.24459E+02
  574    0.24517E+04    0.12074E+02    0.25208E+02
  575    0.24441E+04    0.12306E+02    0.25931E+02
  576    0.24365E+04    0.12542E+02    0.26629E+02
  577    0.24287E+04    0.12782E+02    0.27300E+02
  578    0.24208E+04    0.13025E+02    0.27945E+02
  579    0.24127E+04    0.13271E+02    0.28562E+02
  580    0.24046E+04    0.13521E+02    0.29151E+02
  581    0.23963E+04    0.13774E+02    0.29712E+02
  582    0.23879E+04    0.14029E+02    0.30245E+02
  583    0.23795E+04    0.14288E+02    0.30748E+02
  584    0.23709E+04    0.14550E+02    0.31222E+02
  585    0.23623E+04    0.14815E+02    0.31666E+02
  586    0.23535E+04    0.15082E+02    0.32079E+02
  587    0.23447E+04    0.15352E+02    0.32462E+02
  588    0.23358E+04    0.15625E+02    0.32812E+02
  589    0.23269E+04    0.15900E+02    0.33132E+02
  590    0.23178E+04    0.16178E+02    0.33418E+02
  591    0.23087E+04    0.16458E+02    0.33672E+02
  592    0.22996E+04    0.16741E+02    0.33893E+02
  593    0.22904E+04    0.17025E+02    0.34080E+02
  594    0.22811E+04    0.17312E+02    0.34232E+02
  595    0.22718E+04    0.17600E+02    0.34351E+02
  596    0.22624E+04    0.17891E+02    0.34433E+02
  597    0.22530E+04    0.18183E+02    0.34481E+02
  598    0.22436E+04    0.18478E+02    0.34492E+02
  599    0.22342E+04    0.18774E+02    0.34467E+02
  600    0.22247E+04    0.19071E+02    0.34405E+02
  601    0.22152E+04    0.19370E+02    0.34306E+02
  602    0.22057E+04    0.19671E+02    0.34170E+02
  603    0.21962E+04    0.19972E+02    0.33997E+02
  604    0.21866E+04    0.20275E+02    0.33787E+02
  605    0.21771E+04    0.20579E+02    0.33542E+02
  606    0.21676E+04    0.20884E+02    0.33261E+02
  607    0.21580E+04    0.21189E+02    0.32944E+02
  608    0.21485E+04    0.21496E+02    0.32593E+02
  609    0.21390E+04    0.21802E+02    0.32207E+02
  610    0.21296E+04    0.22110E+02    0.31787E+02
  611    0.21201E+04    0.22417E+02    0.31333E+02
  612    0.21107E+04    0.22725E+02    0.30846E+02
  613    0.21013E+04    0.23032E+02    0.30325E+02
  614    0.20919E+04    0.23340E+02    0.29772E+02
  615    0.20826E+04    0.23647E+02    0.29186E+02
  616    0.20733E+04    0.23954E+02    0.28568E+02
  617    0.20641E+04    0.24260E+02    0.27918E+02
  618    0.20549E+04    0.24566E+02    0.27237E+02
  619    0.20458E+04    0.24871E+02    0.26525E+02
  620    0.20367E+04    0.25176E+02    0.25782E+02
  621    0.20277E+04    0.25479E+02    0.25009E+02
  622    0.20188E+04    0.25781E+02    0.24206E+02
  623    0.20100E+04    0.26082E+02    0.23373E+02
  624    0.20012E+04    0.26382E+02    0.22511E+02
  625    0.19925E+04    0.26680E+02    0.21620E+02
  626    0.19839E+04    0.26977E+02    0.20700E+02
  627    0.19754E+04    0.27272E+02    0.19752E+02
  628    0.19670E+04    0.27565E+02    0.18776E+02
  629    0.19587E+04    0.27856E+02    0.17773E+02
  630    0.19505E+04    0.28144E+02    0.16743E+02
  631    0.19424E+04    0.28431E+02    0.15686E+02
  632    0.19345E+04    0.28715E+02    0.14602E+02
  633    0.19266E+04    0.28997E+02    0.13492E+02
  634    0.19189E+04    0.29277E+02    0.12356E+02
  635    0.19113E+04    0.29553E+02    0.11196E+02
  636    0.19038E+04    0.29827E+02    0.10010E+02
  637    0.18964E+04    0.30097E+02    0.87989E+01
  638    0.18892E+04    0.30365E+02    0.75638E+01
  639    0.18822E+04    0.30629E+02    0.63048E+01
  640    0.18753E+04    0.30890E+02    0.50222E+01
  641    0.18685E+04    0.31148E+02    0.37162E+01
  642    0.18619E+04    0.31402E+02    0.23874E+01
  643    0.18555E+04    0.31652E+02    0.10359E+01
  644    0.18492E+04    0.31898E+02   -0.33773E+00
  645    0.18431E+04    0.32141E+02   -0.17333E+01
  646    0.18371E+04    0.32379E+02   -0.31503E+01
  647    0.18314E+04    0.32613E+02   -0.45885E+01
  648    0.18258E+04    0.32843E+02   -0.60475E+01
  649    0.18204E+04    0.33068E+02   -0.75270E+01
  650    0.18152E+04    0.33289E+02   -0.90266E+01
  651    0.18102E+04    0.33505E+02   -0.10546E+02
  652    0.18054E+04    0.33716E+02   -0.12084E+02
  653    0.18008E+04    0.33922E+02   -0.13640E+02
  654    0.17964E+04    0.34123E+02   -0.15214E+02
  655    0.17921E+04    0.34320E+02   -0.16805E+02
  656    0.17881E+04    0.34512E+02   -0.18411E+02
  657    0.17843E+04    0.34698E+02   -0.20032E+02
  658    0.17806E+04    0.34880E+02   -0.21668E+02
  659    0.17772E+04    0.35057E+02   -0.23317E+02
  660    0.17739E+04    0.35229E+02   -0.24979E+02
  661    0.17708E+04    0.35395E+02   -0.26653E+02
  662    0.17680E+04    0.35557E+02   -0.28338E+02
  663    0.17653E+04    0.35713E+02   -0.30033E+02
  664    0.17628E+04    0.35864E+02   -0.31738E+02
  665    0.17605E+04    0.36010E+02   -0.33451E+02
  666    0.17584E+04    0.36151E+02   -0.35173E+02
  667    0.17565E+04    0.36286E+02   -0.36902E+02
  668    0.17548E+04    0.36416E+02   -0.38638E+02
  669    0.17532E+04    0.36540E+02   -0.40379E+02
  670    0.17519E+04    0.36659E+02   -0.42125E+02
  671    0.17507E+04    0.36773E+02   -0.43875E+02
  672    0.17498E+04    0.36881E+02   -0.45628E+02
  673    0.17490E+04    0.36984E+02   -0.47384E+02
  674    0.17484E+04    0.37081E+02   -0.49142E+02
  675    0.17480E+04    0.37173E+02   -0.50901E+02
  676    0.17478E+04    0.37258E+02   -0.52660E+02
  677    0.17478E+04    0.37339E+02   -0.54418E+02
  678    0.17480E+04    0.37413E+02   -0.56175E+02
  679    0.17484E+04    0.37482E+02   -0.57930E+02
  680    0.17489E+04    0.37545E+02   -0.59682E+02
  681    0.17497E+04    0.37602E+02   -0.61430E+02
  682    0.17506E+04    0.37653E+02   -0.63174E+02
  683    0.17517E+04    0.37698E+02   -0.64913E+02
  684    0.17530E+04    0.37738E+02   -0.66645E+02
  685    0.17545E+04    0.37771E+02   -0.68371E+02
  686    0.17562E+04    0.37799E+02   -0.70089E+02
  687    0.17580E+04    0.37820E+02   -0.71798E+02
  688    0.17601E+04    0.37835E+02   -0.73499E+02
  689    0.17623E+04    0.37845E+02   -0.75190E+02
  690    0.17647E+04    0.37848E+02   -0.76869E+02
  691    0.17673E+04    0.37845E+02   -0.78538E+02
  692    0.17701E+04    0.37835E+02   -0.80194E+02
  693    0.17731E+04    0.37820E+02   -0.81837E+02
  694    0.17763E+04    0.37798E+02   -0.83466E+02
  695    0.17796E+04    0.37770E+02   -0.85080E+02
  696    0.17831E+04    0.37735E+02   -0.86679E+02
  697    0.17868E+04    0.37694E+02   -0.88262E+02
  698    0.17907E+04    0.37647E+02   -0.89827E+02
  699    0.17948E+04    0.37593E+02   -0.91376E+02
  700    0.17991E+04    0.37533E+02   -0.92905E+02
  701    0.18035E+04    0.37466E+02   -0.94415E+02
  702    0.18082E+04    0.37393E+02   -0.95906E+02
  703    0.18130E+04    0.37313E+02   -0.97376E+02
  704    0.18179E+04    0.37227E+02   -0.98825E+02
  705    0.18231E+04    0.37135E+02   -0.10025E+03
  706    0.18284E+04    0.37037E+02   -0.10166E+03
  707    0.18338E+04    0.36932E+02   -0.10305E+03
  708    0.18395E+04    0.36822E+02   -0.10441E+03
  709    0.18452E+04    0.36706E+02   -0.10575E+03
  710    0.18511E+04    0.36585E+02   -0.10707E+03
  711    0.18572E+04    0.36458E+02   -0.10836E+03
  712    0.18634E+04    0.36325E+02   -0.10963E+03
  713    0.18697E+04    0.36187E+02   -0.11087E+03
  714    0.18762E+04    0.36043E+02   -0.11209E+03
  715    0.18828E+04    0.35895E+02   -0.11329E+03
  716    0.18895E+04    0.35741E+02   -0.11446E+03
  717    0.18964E+04    0.35582E+02   -0.11560E+03
  718    0.19034E+04    0.35418E+02   -0.11671E+03
  719    0.19104E+04    0.35250E+02   -0.11780E+03
  720    0.19176E+04    0.35076E+02   -0.11887E+03
  721    0.19249E+04    0.34898E+02   -0.11990E+03
  722    0.19323E+04    0.34715E+02   -0.12090E+03
  723    0.19398E+04    0.34528E+02   -0.12188E+03
  724    0.19474E+04    0.34337E+02   -0.12283E+03
  725    0.19550E+04    0.34141E+02   -0.12375E+03
  726    0.19628E+04    0.33941E+02   -0.12463E+03
  727    0.19706E+04    0.33737E+02   -0.12549E+03
  728    0.19785E+04    0.33528E+02   -0.12632E+03
  729    0.19865E+04    0.33316E+02   -0.12711E+03
  730    0.19946E+04    0.33101E+02   -0.12787E+03
  731    0.20027E+04    0.32881E+02   -0.12860E+03
  732    0.20109E+04    0.32658E+02   -0.12930E+03
  733    0.20192E+04    0.32431E+02   -0.12997E+03
  734    0.20275E+04    0.32201E+02   -0.13060E+03
  735    0.20358E+04    0.31967E+02   -0.13120E+03
  736    0.20442E+04    0.31730E+02   -0.13176E+03
  737    0.20527E+04    0.31490E+02   -0.13229E+03
  738    0.20611E+04    0.31247E+02   -0.13278E+03
  739    0.20697E+04    0.31001E+02   -0.13324E+03
  740    0.20782E+04    0.30752E+02   -0.13366E+03
  741    0.20868E+04    0.30500E+02   -0.13405E+03
  742    0.20954E+04    0.30246E+02   -0.13440E+03
  743    0.21040E+04    0.29989E+02   -0.13471E+03
  744    0.21126E+04    0.29729E+02   -0.13498E+03
  745    0.21213E+04    0.29467E+02   -0.13522E+03
  746    0.21299E+04    0.29203E+02   -0.13541E+03
  747    0.21386E+04    0.28936E+02   -0.13557E+03
  748    0.21472E+04    0.28668E+02   -0.13569E+03
  749    0.21559E+04    0.28397E+02   -0.13577E+03
  750    0.21645E+04    0.28124E+02   -0.13580E+03
  751    0.21732E+04    0.27850E+02   -0.13580E+03
  752    0.21818E+04    0.27574E+02   -0.13576E+03
  753    0.21904E+04    0.27296E+02   -0.13568E+03
  754    0.21989E+04    0.27016E+02   -0.13555E+03
  755    0.22075E+04    0.26736E+02   -0.13539E+03
  756    0.22160E+04    0.26454E+02   -0.13519E+03
  757    0.22245E+04    0.26171E+02   -0.13495E+03
  758    0.22329E+04    0.25888E+02   -0.13467E+03
  759    0.22413E+04    0.25603E+02   -0.13435E+03
  760    0.22497E+04    0.25318E+02   -0.13400E+03
  761    0.22580E+04    0.25032E+02   -0.13361E+03
  762    0.22662E+04    0.24746E+02   -0.13318E+03
  763    0.22744E+04    0.24460E+02   -0.13272E+03
  764    0.22825E+04    0.24174E+02   -0.13222E+03
  765    0.22906E+04    0.23888E+02   -0.13168E+03
  766    0.22986E+04    0.23601E+02   -0.13111E+03
  767    0.23065E+04    0.23316E+02   -0.13050E+03
  768    0.23143E+04    0.23030E+02   -0.12986E+03
  769    0.23221E+04    0.22745E+02   -0.12919E+03
  770    0.23298E+04    0.22461E+02   -0.12848E+03
  771    0.23374E+04    0.22178E+02   -0.12773E+03
  772    0.23449E+04    0.21896E+02   -0.12696E+03
  773    0.23523E+04    0.21615E+02   -0.12615E+03
  774    0.23595E+04    0.21335E+02   -0.12530E+03
  775    0.23667E+04    0.21056E+02   -0.12443E+03
  776    0.23738E+04    0.20779E+02   -0.12352E+03
  777    0.23808E+04    0.20504E+02   -0.12259E+03
  778    0.23876E+04    0.20230E+02   -0.12162E+03
  779    0.23944E+04    0.19958E+02   -0.12062E+03
  780    0.24010E+04    0.19689E+02   -0.11959E+03
  781    0.24075E+04    0.19421E+02   -0.11853E+03
  782    0.24138E+04    0.19156E+02   -0.11744E+03
  783    0.24200E+04    0.18893E+02   -0.11632E+03
  784    0.24261E+04    0.18633E+02   -0.11517E+03
  785    0.24320E+04    0.18376E+02   -0.11399E+03
  786    0.24378E+04    0.18121E+02   -0.11279E+03
  787    0.24434E+04    0.17870E+02   -0.11156E+03
  788    0.24489E+04    0.17622E+02   -0.11030E+03
  789    0.24542E+04    0.17377E+02   -0.10901E+03
  790    0.24594E+04    0.17135E+02   -0.10769E+03
  791    0.24644E+04    0.16897E+02   -0.10635E+03
  792    0.24692E+04    0.16662E+02   -0.10498E+03
  793    0.24739E+04    0.16431E+02   -0.10359E+03
  794    0.24783E+04    0.16205E+02   -0.10217E+03
  795    0.24826E+04    0.15982E+02   -0.10073E+03
  796    0.24867E+04    0.15764E+02   -0.99261E+02
  797    0.24906E+04    0.15549E+02   -0.97768E+02
  798    0.24943E+04    0.15340E+02   -0.96251E+02
  799    0.24979E+04    0.15135E+02   -0.94711E+02
  800    0.25012E+04    0.14934E+02   -0.93147E+02
  801    0.25043E+04    0.14739E+02   -0.91560E+02
  802    0.25072E+04    0.14548E+02   -0.89951E+02
  803    0.25099E+04    0.14363E+02   -0.88321E+02
  804    0.25124E+04    0.14182E+02   -0.86670E+02
  805    0.25147E+04    0.14007E+02   -0.84999E+02
  806    0.25168E+04    0.13836E+02   -0.83309E+02
  807    0.25187E+04    0.13671E+02   -0.81600E+02
  808    0.25204E+04    0.13511E+02   -0.79873E+02
  809    0.25219E+04    0.13355E+02   -0.78130E+02
  810    0.25231E+04    0.13206E+02   -0.76370E+02
  811    0.25242E+04    0.13061E+02   -0.74595E+02
  812    0.25251E+04    0.12922E+02   -0.72804E+02
  813    0.25258E+04    0.12788E+02   -0.71000E+02
  814    0.25262E+04    0.12659E+02   -0.69183E+02
  815    0.25265E+04    0.12535E+02   -0.67353E+02
  816    0.25266E+04    0.12418E+02   -0.65511E+02
  817    0.25264E+04    0.12305E+02   -0.63658E+02
  818    0.25261E+04    0.12198E+02   -0.61794E+02
  819    0.25256E+04    0.12097E+02   -0.59921E+02
  820    0.25248E+04    0.12001E+02   -0.58040E+02
  821    0.25239E+04    0.11911E+02   -0.56150E+02
  822    0.25228E+04    0.11826E+02   -0.54252E+02
  823    0.25214E+04    0.11747E+02   -0.52348E+02
  824    0.25199E+04    0.11674E+02   -0.50438E+02
  825    0.25182E+04    0.11606E+02   -0.48523E+02
  826    0.25162E+04    0.11545E+02   -0.46604E+02
  827    0.25141E+04    0.11489E+02   -0.44681E+02
  828    0.25118E+04    0.11439E+02   -0.42755E+02
  829    0.25093E+04    0.11395E+02   -0.40827E+02
  830    0.25065E+04    0.11356E+02   -0.38897E+02
  831    0.25036E+04    0.11324E+02   -0.36966E+02
  832    0.25005E+04    0.11298E+02   -0.35036E+02
  833    0.24972E+04    0.11278E+02   -0.33106E+02
  834    0.24937E+04    0.11264E+02   -0.31178E+02
  835    0.24900E+04    0.11255E+02   -0.29252E+02
  836    0.24861E+04    0.11254E+02   -0.27330E+02
  837    0.24820E+04    0.11258E+02   -0.25410E+02
  838    0.24777E+04    0.11268E+02   -0.23496E+02
  839    0.24732E+04    0.11285E+02   -0.21586E+02
  840    0.24685E+04    0.11308E+02   -0.19683E+02
  841    0.24636E+04    0.11337E+02   -0.17786E+02
  842    0.24585E+04    0.11373E+02   -0.15897E+02
  843    0.24533E+04    0.11415E+02   -0.14016E+02
  844    0.24478E+04    0.11464E+02   -0.12143E+02
  845    0.24421E+04    0.11519E+02   -0.10281E+02
  846    0.24363E+04    0.11580E+02   -0.84287E+01
  847    0.24303E+04    0.11648E+02   -0.65877E+01
  848    0.24240E+04    0.11723E+02   -0.47585E+01
  849    0.24176E+04    0.11804E+02   -0.29420E+01
  850    0.24110E+04    0.11892E+02   -0.11389E+01
  851    0.24041E+04    0.11986E+02    0.65014E+00
  852    0.23971E+04    0.12087E+02    0.24246E+01
  853    0.23899E+04    0.12195E+02    0.41841E+01
  854    0.23826E+04    0.12309E+02    0.59280E+01
  855    0.23750E+04    0.12429E+02    0.76560E+01
  856    0.23673E+04    0.12556E+02    0.93675E+01
  857    0.23594E+04    0.12688E+02    0.11062E+02
  858    0.23513E+04    0.12827E+02    0.12739E+02
  859    0.23431E+04    0.12971E+02    0.14399E+02
  860    0.23347E+04    0.13122E+02    0.16040E+02
  861    0.23261E+04    0.13278E+02    0.17663E+02
  862    0.23174E+04    0.13440E+02    0.19266E+02
  863    0.23085E+04    0.13607E+02    0.20849E+02
  864    0.22995E+04    0.13779E+02    0.22413E+02
  865    0.22903E+04    0.13957E+02    0.23955E+02
  866    0.22810E+04    0.14141E+02    0.25477E+02
  867    0.22716E+04    0.14329E+02    0.26977E+02
  868    0.22620E+04    0.14523E+02    0.28455E+02
  869    0.22523E+04    0.14721E+02    0.29911E+02
  870    0.22424E+04    0.14924E+02    0.31344E+02
  871    0.22324E+04    0.15132E+02    0.32753E+02
  872    0.22223E+04    0.15345E+02    0.34139E+02
  873    0.22121E+04    0.15562E+02    0.35500E+02
  874    0.22017E+04    0.15784E+02    0.36836E+02
  875    0.21913E+04    0.16010E+02    0.38147E+02
  876    0.21807E+04    0.16241E+02    0.39433E+02
  877    0.21700E+04    0.16475E+02    0.40692E+02
  878    0.21592E+04    0.16714E+02    0.41925E+02
  879    0.21484E+04    0.16957E+02    0.43130E+02
  880    0.21374E+04    0.17203E+02    0.44308E+02
  881    0.21263E+04    0.17454E+02    0.45458E+02
  882    0.21151E+04    0.17708E+02    0.46579E+02
  883    0.21039E+04    0.17966E+02    0.47672E+02
  884    0.20925E+04    0.18227E+02    0.48735E+02
  885    0.20811E+04    0.18492E+02    0.49768E+02
  886    0.20696E+04    0.18760E+02    0.50770E+02
  887    0.20580E+04    0.19031E+02    0.51742E+02
  888    0.20464E+04    0.19305E+02    0.52683E+02
  889    0.20346E+04    0.19583E+02    0.53592E+02
  890    0.20228E+04    0.19863E+02    0.54469E+02
  891    0.20110E+04    0.20146E+02    0.55312E+02
  892    0.19991E+04    0.20432E+02    0.56123E+02
  893    0.19871E+04    0.20721E+02    0.56901E+02
  894    0.19751E+04    0.21012E+02    0.57644E+02
  895    0.19630E+04    0.21306E+02    0.58352E+02
  896    0.19509E+04    0.21602E+02    0.59026E+02
  897    0.19387E+04    0.21900E+02    0.59664E+02
  898    0.19265E+04    0.22201E+02    0.60266E+02
  899    0.19143E+04    0.22504E+02    0.60832E+02
  900    0.19020E+04    0.22808E+02    0.61361E+02
  901    0.18897E+04    0.23115E+02    0.61853E+02
  902    0.18774E+04    0.23423E+02    0.62308E+02
  903    0.18651E+04    0.23733E+02    0.62726E+02
  904    0.18527E+04    0.24044E+02    0.63107E+02
  905    0.18403E+04    0.24357E+02    0.63452E+02
  906    0.18279E+04    0.24671E+02    0.63761E+02
  907    0.18155E+04    0.24986E+02    0.64035E+02
  908    0.18031E+04    0.25302E+02    0.64273E+02
  909    0.17906E+04    0.25619E+02    0.64476E+02
  910    0.17782E+04    0.25937E+02    0.64644E+02
  911    0.17658E+04    0.26255E+02    0.64777E+02
  912    0.17534E+04    0.26574E+02    0.64876E+02
  913    0.17410E+04    0.26893E+02    0.64941E+02
  914    0.17286E+04    0.27212E+02    0.64972E+02
  915    0.17162E+04    0.27532E+02    0.64970E+02
  916    0.17039E+04    0.27851E+02    0.64934E+02
  917    0.16915E+04    0.28170E+02    0.64865E+02
  918    0.16792E+04    0.28489E+02    0.64764E+02
  919    0.16669E+04    0.28807E+02    0.64630E+02
  920    0.16547E+04    0.29125E+02    0.64464E+02
  921    0.16425E+04    0.29442E+02    0.64266E+02
  922    0.16303E+04    0.29759E+02    0.64036E+02
  923    0.16182E+04    0.30074E+02    0.63775E+02
  924    0.16061E+04    0.30388E+02    0.63482E+02
  925    0.15940E+04    0.30701E+02    0.63159E+02
  926    0.15821E+04    0.31013E+02    0.62806E+02
  927    0.15701E+04    0.31323E+02    0.62422E+02
  928    0.15583E+04    0.31631E+02    0.62007E+02
  929    0.15464E+04    0.31938E+02    0.61564E+02
  930    0.15347E+04    0.32243E+02    0.61090E+02
  931    0.15230E+04    0.32546E+02    0.60588E+02
  932    0.15114E+04    0.32847E+02    0.60056E+02
  933    0.14999E+04    0.33146E+02    0.59496E+02
  934    0.14884E+04    0.33442E+02    0.58907E+02
  935    0.14771E+04    0.33735E+02    0.58290E+02
  936    0.14658E+04    0.34026E+02    0.57645E+02
  937    0.14546E+04    0.34314E+02    0.56973E+02
  938    0.14435E+04    0.34600E+02    0.56273E+02
  939    0.14325E+04    0.34882E+02    0.55546E+02
  940    0.14216E+04    0.35161E+02    0.54793E+02
  941    0.14108E+04    0.35437E+02    0.54012E+02
  942    0.14001E+04    0.35709E+02    0.53206E+02
  943    0.13895E+04    0.35978E+02    0.52373E+02
  944    0.13790E+04    0.36243E+02    0.51515E+02
  945    0.13686E+04    0.36504E+02    0.50632E+02
  946    0.13584E+04    0.36762E+02    0.49723E+02
  947    0.13483E+04    0.37015E+02    0.48789E+02
  948    0.13383E+04    0.37264E+02    0.47830E+02
  949    0.13284E+04    0.37509E+02    0.46847E+02
  950    0.13186E+04    0.37749E+02    0.45840E+02
  951    0.13090E+04    0.37985E+02    0.44810E+02
  952    0.12995E+04    0.38216E+02    0.43756E+02
  953    0.12902E+04    0.38442E+02    0.42679E+02
  954    0.12810E+04    0.38664E+02    0.41580E+02
  955    0.12719E+04    0.38880E+02    0.40460E+02
  956    0.12630E+04    0.39092E+02    0.39319E+02
  957    0.12542E+04    0.39300E+02    0.38158E+02
  958    0.12456E+04    0.39502E+02    0.36978E+02
  959    0.12370E+04    0.39699E+02    0.35778E+02
  960    0.12287E+04    0.39891E+02    0.34560E+02
  961    0.12204E+04    0.40079E+02    0.33324E+02
  962    0.12123E+04    0.40261E+02    0.32072E+02
  963    0.12044E+04    0.40438E+02    0.30802E+02
  964    0.11965E+04    0.40610E+02    0.29517E+02
  965    0.11889E+04    0.40777E+02    0.28217E+02
  966    0.11813E+04    0.40938E+02    0.26902E+02
  967    0.11739E+04    0.41094E+02    0.25573E+02
  968    0.11667E+04    0.41245E+02    0.24230E+02
  969    0.11596E+04    0.41391E+02    0.22875E+02
  970    0.11526E+04    0.41531E+02    0.21507E+02
  971    0.11458E+04    0.41665E+02    0.20128E+02
  972    0.11391E+04    0.41794E+02    0.18738E+02
  973    0.11326E+04    0.41918E+02    0.17337E+02
  974    0.11262E+04    0.42036E+02    0.15927E+02
  975    0.11200E+04    0.42148E+02    0.14508E+02
  976    0.11139E+04    0.42255E+02    0.13080E+02
  977    0.11079E+04    0.42355E+02    0.11644E+02
  978    0.11021E+04    0.42450E+02    0.10201E+02
  979    0.10965E+04    0.42540E+02    0.87508E+01
  980    0.10910E+04    0.42623E+02    0.72948E+01
  981    0.10856E+04    0.42701E+02    0.58334E+01
  982    0.10804E+04    0.42772E+02    0.43671E+01
  983    0.10754E+04    0.42838E+02    0.28966E+01
  984    0.10704E+04    0.42897E+02    0.14225E+01
  985    0.10657E+04    0.42951E+02   -0.54668E-01
  986    0.10611E+04    0.42998E+02   -0.15342E+01
  987    0.10566E+04    0.43039E+02   -0.30156E+01
  988    0.10523E+04    0.43074E+02   -0.44981E+01
  989    0.10482E+04    0.43103E+02   -0.59812E+01
  990    0.10442E+04    0.43125E+02   -0.74642E+01
  991    0.10403E+04    0.43141E+02   -0.89466E+01
  992    0.10367E+04    0.43151E+02   -0.10428E+02
  993    0.10331E+04    0.43154E+02   -0.11907E+02
  994    0.10297E+04    0.43151E+02   -0.13384E+02
  995    0.10265E+04    0.43142E+02   -0.14857E+02
  996    0.10235E+04    0.43125E+02   -0.16327E+02
  997    0.10205E+04    0.43102E+02   -0.17793E+02
  998    0.10178E+04    0.43073E+02   -0.19253E+02
  999    0.10152E+04    0.43037E+02   -0.20708E+02
 1000    0.10128E+04    0.42994E+02   -0.22157E+02
 1001    0.10105E+04    0.42944E+02   -0.23599E+02
 1002    0.10083E+04    0.42888E+02   -0.25034E+02
 1003    0.10064E+04    0.42825E+02   -0.26461E+02
 1004    0.10046E+04    0.42756E+02   -0.27881E+02
 1005    0.10029E+04    0.42680E+02   -0.29291E+02
 1006    0.10014E+04    0.42597E+02   -0.30693E+02
 1007    0.99999E+03    0.42509E+02   -0.32086E+02
 1008    0.99875E+03    0.42414E+02   -0.33469E+02
 1009    0.99766E+03    0.42313E+02   -0.34842E+02
 1010    0.99670E+03    0.42206E+02   -0.36204E+02
 1011    0.99589E+03    0.42094E+02   -0.37556E+02
 1012    0.99520E+03    0.41975E+02   -0.38896E+02
 1013    0.99465E+03    0.41851E+02   -0.40225E+02
 1014    0.99423E+03    0.41721E+02   -0.41541E+02
 1015    0.99394E+03    0.41585E+02   -0.42845E+02
 1016    0.99378E+03    0.41444E+02   -0.44136E+02
 1017    0.99373E+03    0.41297E+02   -0.45413E+02
 1018    0.99382E+03    0.41145E+02   -0.46677E+02
 1019    0.99402E+03    0.40988E+02   -0.47927E+02
 1020    0.99433E+03    0.40825E+02   -0.49161E+02
 1021    0.99477E+03    0.40658E+02   -0.50381E+02
 1022    0.99531E+03    0.40485E+02   -0.51586E+02
 1023    0.99597E+03    0.40308E+02   -0.52775E+02
 1024    0.99674E+03    0.40126E+02   -0.53947E+02
 1025    0.99761E+03    0.39939E+02   -0.55103E+02
 1026    0.99859E+03    0.39747E+02   -0.56241E+02
 1027    0.99967E+03    0.39550E+02   -0.57362E+02
 1028    0.10009E+04    0.39350E+02   -0.58466E+02
 1029    0.10021E+04    0.39144E+02   -0.59551E+02
 1030    0.10035E+04    0.38935E+02   -0.60617E+02
 1031    0.10050E+04    0.38721E+02   -0.61664E+02
 1032    0.10065E+04    0.38503E+02   -0.62692E+02
 1033    0.10082E+04    0.38280E+02   -0.63699E+02
 1034    0.10099E+04    0.38054E+02   -0.64687E+02
 1035    0.10118E+04    0.37824E+02   -0.65653E+02
 1036    0.10137E+04    0.37590E+02   -0.66598E+02
 1037    0.10157E+04    0.37352E+02   -0.67522E+02
 1038    0.10177E+04    0.37111E+02   -0.68424E+02
 1039    0.10199E+04    0.36866E+02   -0.69303E+02
 1040    0.10221E+04    0.36617E+02   -0.70160E+02
 1041    0.10244E+04    0.36365E+02   -0.70993E+02
 1042    0.10268E+04    0.36110E+02   -0.71803E+02
 1043    0.10292E+04    0.35852E+02   -0.72588E+02
 1044    0.10317E+04    0.35590E+02   -0.73349E+02
 1045    0.10343E+04    0.35325E+02   -0.74085E+02
 1046    0.10369E+04    0.35057E+02   -0.74796E+02
 1047    0.10396E+04    0.34787E+02   -0.75481E+02
 1048    0.10423E+04    0.34513E+02   -0.76140E+02
 1049    0.10451E+04    0.34237E+02   -0.76773E+02
 1050    0.10480E+04    0.33958E+02   -0.77379E+02
 1051    0.10509E+04    0.33676E+02   -0.77957E+02
 1052    0.10539E+04    0.33392E+02   -0.78508E+02
 1053    0.10569E+04    0.33105E+02   -0.79032E+02
 1054    0.10599E+04    0.32817E+02   -0.79529E+02
 1055    0.10630E+04    0.32526E+02   -0.79999E+02
 1056    0.10661E+04    0.32233E+02   -0.80443E+02
 1057    0.10693E+04    0.31939E+02   -0.80860E+02
 1058    0.10725E+04    0.31642E+02   -0.81251E+02
 1059    0.10757E+04    0.31344E+02   -0.81616E+02
 1060    0.10790E+04    0.31045E+02   -0.81954E+02
 1061    0.10823E+04    0.30744E+02   -0.82266E+02
 1062    0.10856E+04    0.30442E+02   -0.82553E+02
 1063    0.10889E+04    0.30139E+02   -0.82814E+02
 1064    0.10923E+04    0.29834E+02   -0.83050E+02
 1065    0.10957E+04    0.29529E+02   -0.83260E+02
 1066    0.10991E+04    0.29223E+02   -0.83445E+02
 1067    0.11025E+04    0.28916E+02   -0.83604E+02
 1068    0.11059E+04    0.28609E+02   -0.83739E+02
 1069    0.11093E+04    0.28302E+02   -0.83849E+02
 1070    0.11127E+04    0.27994E+02   -0.83934E+02
 1071    0.11162E+04    0.27686E+02   -0.83995E+02
 1072    0.11196E+04    0.27377E+02   -0.84031E+02
 1073    0.11230E+04    0.27069E+02   -0.84043E+02
 1074    0.11265E+04    0.26762E+02   -0.84031E+02
 1075    0.11299E+04    0.26454E+02   -0.83995E+02
 1076    0.11333E+04    0.26147E+02   -0.83935E+02
 1077    0.11367E+04    0.25840E+02   -0.83851E+02
 1078    0.11401E+04    0.25534E+02   -0.83744E+02
 1079    0.11435E+04    0.25229E+02   -0.83613E+02
 1080    0.11468E+04    0.24925E+02   -0.83459E+02
 1081    0.11502E+04    0.24621E+02   -0.83282E+02
 1082    0.11535E+04    0.24319E+02   -0.83082E+02
 1083    0.11568E+04    0.24019E+02   -0.82859E+02
 1084    0.11600E+04    0.23719E+02   -0.82613E+02
 1085    0.11633E+04    0.23421E+02   -0.82345E+02
 1086    0.11665E+04    0.23125E+02   -0.82054E+02
 1087    0.11696E+04    0.22830E+02   -0.81741E+02
 1088    0.11728E+04    0.22538E+02   -0.81406E+02
 1089    0.11758E+04    0.22247E+02   -0.81048E+02
 1090    0.11789E+04    0.21958E+02   -0.80669E+02
 1091    0.11819E+04    0.21672E+02   -0.80268E+02
 1092    0.11848E+04    0.21388E+02   -0.79845E+02
 1093    0.11877E+04    0.21107E+02   -0.79401E+02
 1094    0.11906E+04    0.20828E+02   -0.78936E+02
 1095    0.11934E+04    0.20551E+02   -0.78449E+02
 1096    0.11961E+04    0.20278E+02   -0.77942E+02
 1097    0.11988E+04    0.20008E+02   -0.77413E+02
 1098    0.12014E+04    0.19740E+02   -0.76864E+02
 1099    0.12040E+04    0.19476E+02   -0.76294E+02
 1100    0.12065E+04    0.19215E+02   -0.75703E+02
 1101    0.12089E+04    0.18958E+02   -0.75093E+02
 1102    0.12112E+04    0.18704E+02   -0.74462E+02
 1103    0.12135E+04    0.18454E+02   -0.73812E+02
 1104    0.12157E+04    0.18207E+02   -0.73143E+02
 1105    0.12179E+04    0.17964E+02   -0.72456E+02
 1106    0.12199E+04    0.17724E+02   -0.71750E+02
 1107    0.12219E+04    0.17488E+02   -0.71028E+02
 1108    0.12239E+04    0.17256E+02   -0.70288E+02
 1109    0.12257E+04    0.17028E+02   -0.69531E+02
 1110    0.12275E+04    0.16804E+02   -0.68759E+02
 1111    0.12292E+04    0.16583E+02   -0.67971E+02
 1112    0.12308E+04    0.16367E+02   -0.67168E+02
 1113    0.12324E+04    0.16154E+02   -0.66351E+02
 1114    0.12338E+04    0.15946E+02   -0.65519E+02
 1115    0.12352E+04    0.15742E+02   -0.64674E+02
 1116    0.12366E+04    0.15542E+02   -0.63815E+02
 1117    0.12378E+04    0.15346E+02   -0.62944E+02
 1118    0.12390E+04    0.15154E+02   -0.62061E+02
 1119    0.12401E+04    0.14967E+02   -0.61166E+02
 1120    0.12411E+04    0.14783E+02   -0.60260E+02
 1121    0.12420E+04    0.14605E+02   -0.59343E+02
 1122    0.12428E+04    0.14430E+02   -0.58415E+02
 1123    0.12436E+04    0.14261E+02   -0.57478E+02
 1124    0.12443E+04    0.14095E+02   -0.56532E+02
 1125    0.12449E+04    0.13935E+02   -0.55577E+02
 1126    0.12454E+04    0.13779E+02   -0.54613E+02
 1127    0.12458E+04    0.13627E+02   -0.53642E+02
 1128    0.12462E+04    0.13481E+02   -0.52663E+02
 1129    0.12465E+04    0.13339E+02   -0.51677E+02
 1130    0.12466E+04    0.13201E+02   -0.50685E+02
 1131    0.12467E+04    0.13069E+02   -0.49687E+02
 1132    0.12468E+04    0.12942E+02   -0.48683E+02
 1133    0.12467E+04    0.12819E+02   -0.47674E+02
 1134    0.12465E+04    0.12702E+02   -0.46661E+02
 1135    0.12463E+04    0.12590E+02   -0.45644E+02
 1136    0.12459E+04    0.12482E+02   -0.44623E+02
 1137    0.12455E+04    0.12380E+02   -0.43600E+02
 1138    0.12450E+04    0.12283E+02   -0.42573E+02
 1139    0.12444E+04    0.12191E+02   -0.41545E+02
 1140    0.12437E+04    0.12105E+02   -0.40515E+02
 1141    0.12429E+04    0.12024E+02   -0.39483E+02
 1142    0.12420E+04    0.11948E+02   -0.38452E+02
 1143    0.12410E+04    0.11878E+02   -0.37419E+02
 1144    0.12399E+04    0.11813E+02   -0.36388E+02
 1145    0.12388E+04    0.11754E+02   -0.35357E+02
 1146    0.12375E+04    0.11700E+02   -0.34327E+02
 1147    0.12362E+04    0.11652E+02   -0.33299E+02
 1148    0.12347E+04    0.11609E+02   -0.32273E+02
 1149    0.12332E+04    0.11573E+02   -0.31250E+02
 1150    0.12315E+04    0.11542E+02   -0.30230E+02
 1151    0.12298E+04    0.11516E+02   -0.29213E+02
 1152    0.12280E+04    0.11497E+02   -0.28201E+02
 1153    0.12260E+04    0.11483E+02   -0.27193E+02
 1154    0.12240E+04    0.11475E+02   -0.26189E+02
 1155    0.12219E+04    0.11472E+02   -0.25191E+02
 1156    0.12197E+04    0.11475E+02   -0.24197E+02
 1157    0.12174E+04    0.11483E+02   -0.23210E+02
 1158    0.12150E+04    0.11497E+02   -0.22228E+02
 1159    0.12126E+04    0.11516E+02   -0.21253E+02
 1160    0.12100E+04    0.11540E+02   -0.20284E+02
 1161    0.12074E+04    0.11569E+02   -0.19323E+02
 1162    0.12047E+04    0.11604E+02   -0.18368E+02
 1163    0.12019E+04    0.11643E+02   -0.17422E+02
 1164    0.11990E+04    0.11688E+02   -0.16483E+02
 1165    0.11961E+04    0.11737E+02   -0.15552E+02
 1166    0.11931E+04    0.11791E+02   -0.14630E+02
 1167    0.11900E+04    0.11850E+02   -0.13718E+02
 1168    0.11868E+04    0.11914E+02   -0.12814E+02
 1169    0.11835E+04    0.11983E+02   -0.11920E+02
 1170    0.11802E+04    0.12056E+02   -0.11036E+02
 1171    0.11768E+04    0.12133E+02   -0.10162E+02
 1172    0.11734E+04    0.12215E+02   -0.92988E+01
 1173    0.11698E+04    0.12302E+02   -0.84465E+01
 1174    0.11663E+04    0.12393E+02   -0.76055E+01
 1175    0.11626E+04    0.12488E+02   -0.67762E+01
 1176    0.11589E+04    0.12587E+02   -0.59587E+01
 1177    0.11551E+04    0.12691E+02   -0.51535E+01
 1178    0.11513E+04    0.12799E+02   -0.43610E+01
 1179    0.11474E+04    0.12910E+02   -0.35813E+01
 1180    0.11435E+04    0.13026E+02   -0.28149E+01
 1181    0.11394E+04    0.13146E+02   -0.20621E+01
 1182    0.11354E+04    0.13269E+02   -0.13233E+01
 1183    0.11313E+04    0.13397E+02   -0.59864E+00
 1184    0.11271E+04    0.13528E+02    0.11139E+00
 1185    0.11229E+04    0.13662E+02    0.80650E+00
 1186    0.11186E+04    0.13801E+02    0.14864E+01
 1187    0.11143E+04    0.13943E+02    0.21506E+01
 1188    0.11100E+04    0.14088E+02    0.27990E+01
 1189    0.11056E+04    0.14237E+02    0.34311E+01
 1190    0.11011E+04    0.14389E+02    0.40467E+01
 1191    0.10967E+04    0.14544E+02    0.46453E+01
 1192    0.10921E+04    0.14703E+02    0.52267E+01
 1193    0.10876E+04    0.14865E+02    0.57905E+01
 1194    0.10830E+04    0.15030E+02    0.63364E+01
 1195    0.10783E+04    0.15198E+02    0.68641E+01
 1196    0.10737E+04    0.15369E+02    0.73733E+01
 1197    0.10690E+04    0.15542E+02    0.78635E+01
 1198    0.10642E+04    0.15719E+02    0.83345E+01
 1199    0.10595E+04    0.15899E+02    0.87859E+01
 1200    0.10547E+04    0.16081E+02    0.92175E+01
 1201    0.10498E+04    0.16266E+02    0.96289E+01
 1202    0.10450E+04    0.16453E+02    0.10020E+02
 1203    0.10401E+04    0.16643E+02    0.10391E+02
 1204    0.10352E+04    0.16835E+02    0.10743E+02
 1205    0.10303E+04    0.17030E+02    0.11074E+02
 1206    0.10254E+04    0.17227E+02    0.11385E+02
 1207    0.10204E+04    0.17425E+02    0.11677E+02
 1208    0.10155E+04    0.17626E+02    0.11949E+02
 1209    0.10105E+04    0.17829E+02    0.12202E+02
 1210    0.10055E+04    0.18033E+02    0.12435E+02
 1211    0.10005E+04    0.18239E+02    0.12649E+02
 1212    0.99544E+03    0.18446E+02    0.12844E+02
 1213    0.99041E+03    0.18655E+02    0.13019E+02
 1214    0.98538E+03    0.18865E+02    0.13175E+02
 1215    0.98034E+03    0.19077E+02    0.13312E+02
 1216    0.97530E+03    0.19290E+02    0.13430E+02
 1217    0.97026E+03    0.19503E+02    0.13529E+02
 1218    0.96521E+03    0.19718E+02    0.13610E+02
 1219    0.96017E+03    0.19933E+02    0.13672E+02
 1220    0.95514E+03    0.20149E+02    0.13715E+02
 1221    0.95011E+03    0.20366E+02    0.13739E+02
 1222    0.94508E+03    0.20583E+02    0.13746E+02
 1223    0.94007E+03    0.20801E+02    0.13733E+02
 1224    0.93506E+03    0.21019E+02    0.13703E+02
 1225    0.93007E+03    0.21237E+02    0.13654E+02
 1226    0.92509E+03    0.21455E+02    0.13587E+02
 1227    0.92012E+03    0.21674E+02    0.13502E+02
 1228    0.91517E+03    0.21892E+02    0.13399E+02
 1229    0.91024E+03    0.22110E+02    0.13278E+02
 1230    0.90534E+03    0.22328E+02    0.13140E+02
 1231    0.90045E+03    0.22545E+02    0.12984E+02
 1232    0.89558E+03    0.22762E+02    0.12810E+02
 1233    0.89074E+03    0.22978E+02    0.12618E+02
 1234    0.88593E+03    0.23193E+02    0.12410E+02
 1235    0.88115E+03    0.23408E+02    0.12183E+02
 1236    0.87639E+03    0.23622E+02    0.11940E+02
 1237    0.87167E+03    0.23835E+02    0.11679E+02
 1238    0.86698E+03    0.24046E+02    0.11401E+02
 1239    0.86233E+03    0.24257E+02    0.11106E+02
 1240    0.85771E+03    0.24466E+02    0.10795E+02
 1241    0.85313E+03    0.24673E+02    0.10466E+02
 1242    0.84859E+03    0.24879E+02    0.10120E+02
 1243    0.84410E+03    0.25084E+02    0.97583E+01
 1244    0.83964E+03    0.25287E+02    0.93795E+01
 1245    0.83523E+03    0.25488E+02    0.89842E+01
 1246    0.83087E+03    0.25686E+02    0.85725E+01
 1247    0.82656E+03    0.25883E+02    0.81444E+01
 1248    0.82229E+03    0.26078E+02    0.77000E+01
 1249    0.81808E+03    0.26271E+02    0.72394E+01
 1250    0.81392E+03    0.26461E+02    0.67627E+01
 1251    0.80981E+03    0.26649E+02    0.62700E+01
 1252    0.80576E+03    0.26834E+02    0.57617E+01
 1253    0.80177E+03    0.27017E+02    0.52381E+01
 1254    0.79783E+03    0.27197E+02    0.46996E+01
 1255    0.79395E+03    0.27374E+02    0.41465E+01
 1256    0.79013E+03    0.27549E+02    0.35792E+01
 1257    0.78636E+03    0.27721E+02    0.29982E+01
 1258    0.78265E+03    0.27890E+02    0.24037E+01
 1259    0.77900E+03    0.28057E+02    0.17961E+01
 1260    0.77541E+03    0.28220E+02    0.11758E+01
 1261    0.77187E+03    0.28381E+02    0.54324E+00
 1262    0.76840E+03    0.28539E+02   -0.10130E+00
 1263    0.76498E+03    0.28693E+02   -0.75743E+00
 1264    0.76163E+03    0.28845E+02   -0.14248E+01
 1265    0.75834E+03    0.28993E+02   -0.21030E+01
 1266    0.75511E+03    0.29139E+02   -0.27917E+01
 1267    0.75194E+03    0.29281E+02   -0.34904E+01
 1268    0.74883E+03    0.29420E+02   -0.41989E+01
 1269    0.74578E+03    0.29555E+02   -0.49168E+01
 1270    0.74280E+03    0.29688E+02   -0.56437E+01
 1271    0.73988E+03    0.29817E+02   -0.63792E+01
 1272    0.73703E+03    0.29942E+02   -0.71230E+01
 1273    0.73423E+03    0.30064E+02   -0.78746E+01
 1274    0.73151E+03    0.30182E+02   -0.86338E+01
 1275    0.72885E+03    0.30297E+02   -0.94001E+01
 1276    0.72625E+03    0.30408E+02   -0.10173E+02
 1277    0.72372E+03    0.30516E+02   -0.10953E+02
 1278    0.72126E+03    0.30620E+02   -0.11738E+02
 1279    0.71886E+03    0.30720E+02   -0.12529E+02
 1280    0.71653E+03    0.30816E+02   -0.13326E+02
 1281    0.71427E+03    0.30908E+02   -0.14127E+02
 1282    0.71207E+03    0.30997E+02   -0.14933E+02
 1283    0.70995E+03    0.31081E+02   -0.15744E+02
 1284    0.70789E+03    0.31162E+02   -0.16558E+02
 1285    0.70590E+03    0.31238E+02   -0.17375E+02
 1286    0.70398E+03    0.31311E+02   -0.18196E+02
 1287    0.70214E+03    0.31379E+02   -0.19019E+02
 1288    0.70036E+03    0.31443E+02   -0.19844E+02
 1289    0.69865E+03    0.31503E+02   -0.20672E+02
 1290    0.69702E+03    0.31558E+02   -0.21501E+02
 1291    0.69545E+03    0.31609E+02   -0.22331E+02
 1292    0.69396E+03    0.31656E+02   -0.23163E+02
 1293    0.69255E+03    0.31698E+02   -0.23994E+02
 1294    0.69120E+03    0.31736E+02   -0.24826E+02
 1295    0.68993E+03    0.31770E+02   -0.25658E+02
 1296    0.68873E+03    0.31798E+02   -0.26489E+02
 1297    0.68761E+03    0.31823E+02   -0.27319E+02
 1298    0.68656E+03    0.31842E+02   -0.28147E+02
 1299    0.68559E+03    0.31857E+02   -0.28974E+02
 1300    0.68469E+03    0.31867E+02   -0.29799E+02
 1301    0.68387E+03    0.31872E+02   -0.30621E+02
 1302    0.68313E+03    0.31873E+02   -0.31441E+02
 1303    0.68245E+03    0.31869E+02   -0.32257E+02
 1304    0.68185E+03    0.31860E+02   -0.33070E+02
 1305    0.68133E+03    0.31846E+02   -0.33880E+02
 1306    0.68087E+03    0.31828E+02   -0.34686E+02
 1307    0.68049E+03    0.31806E+02   -0.35488E+02
 1308    0.68017E+03    0.31779E+02   -0.36285E+02
 1309    0.67992E+03    0.31747E+02   -0.37078E+02
 1310    0.67974E+03    0.31712E+02   -0.37866E+02
 1311    0.67962E+03    0.31671E+02   -0.38649E+02
 1312    0.67957E+03    0.31627E+02   -0.39426E+02
 1313    0.67958E+03    0.31578E+02   -0.40198E+02
 1314    0.67966E+03    0.31525E+02   -0.40963E+02
 1315    0.67980E+03    0.31468E+02   -0.41722E+02
 1316    0.67999E+03    0.31407E+02   -0.42475E+02
 1317    0.68025E+03    0.31342E+02   -0.43221E+02
 1318    0.68057E+03    0.31273E+02   -0.43960E+02
 1319    0.68094E+03    0.31200E+02   -0.44692E+02
 1320    0.68137E+03    0.31122E+02   -0.45416E+02
 1321    0.68186E+03    0.31042E+02   -0.46132E+02
 1322    0.68240E+03    0.30957E+02   -0.46840E+02
 1323    0.68299E+03    0.30868E+02   -0.47539E+02
 1324    0.68364E+03    0.30776E+02   -0.48230E+02
 1325    0.68434E+03    0.30680E+02   -0.48912E+02
 1326    0.68509E+03    0.30580E+02   -0.49585E+02
 1327    0.68589E+03    0.30477E+02   -0.50248E+02
 1328    0.68674E+03    0.30370E+02   -0.50901E+02
 1329    0.68763E+03    0.30260E+02   -0.51544E+02
 1330    0.68857E+03    0.30146E+02   -0.52177E+02
 1331    0.68956E+03    0.30029E+02   -0.52800E+02
 1332    0.69059E+03    0.29909E+02   -0.53411E+02
 1333    0.69167E+03    0.29785E+02   -0.54012E+02
 1334    0.69278E+03    0.29658E+02   -0.54601E+02
 1335    0.69394E+03    0.29527E+02   -0.55178E+02
 1336    0.69514E+03    0.29394E+02   -0.55744E+02
 1337    0.69638E+03    0.29257E+02   -0.56297E+02
 1338    0.69765E+03    0.29118E+02   -0.56838E+02
 1339    0.69897E+03    0.28975E+02   -0.57366E+02
 1340    0.70032E+03    0.28829E+02   -0.57881E+02
 1341    0.70170E+03    0.28680E+02   -0.58383E+02
 1342    0.70312E+03    0.28529E+02   -0.58871E+02
 1343    0.70457E+03    0.28375E+02   -0.59345E+02
 1344    0.70606E+03    0.28217E+02   -0.59805E+02
 1345    0.70757E+03    0.28057E+02   -0.60251E+02
 1346    0.70912E+03    0.27895E+02   -0.60682E+02
 1347    0.71069E+03    0.27729E+02   -0.61099E+02
 1348    0.71230E+03    0.27561E+02   -0.61500E+02
 1349    0.71393E+03    0.27391E+02   -0.61886E+02
 1350    0.71558E+03    0.27218E+02   -0.62256E+02
 1351    0.71726E+03    0.27042E+02   -0.62610E+02
 1352    0.71897E+03    0.26864E+02   -0.62948E+02
 1353    0.72070E+03    0.26684E+02   -0.63270E+02
 1354    0.72244E+03    0.26502E+02   -0.63576E+02
 1355    0.72421E+03    0.26317E+02   -0.63866E+02
 1356    0.72600E+03    0.26130E+02   -0.64141E+02
 1357    0.72781E+03    0.25941E+02   -0.64399E+02
 1358    0.72963E+03    0.25751E+02   -0.64642E+02
 1359    0.73146E+03    0.25558E+02   -0.64869E+02
 1360    0.73331E+03    0.25364E+02   -0.65080E+02
 1361    0.73518E+03    0.25168E+02   -0.65275E+02
 1362    0.73705E+03    0.24970E+02   -0.65455E+02
 1363    0.73894E+03    0.24771E+02   -0.65618E+02
 1364    0.74083E+03    0.24571E+02   -0.65767E+02
 1365    0.74273E+03    0.24369E+02   -0.65899E+02
 1366    0.74464E+03    0.24165E+02   -0.66016E+02
 1367    0.74655E+03    0.23961E+02   -0.66117E+02
 1368    0.74847E+03    0.23755E+02   -0.66202E+02
 1369    0.75039E+03    0.23549E+02   -0.66272E+02
 1370    0.75231E+03    0.23341E+02   -0.66326E+02
 1371    0.75423E+03    0.23132E+02   -0.66365E+02
 1372    0.75615E+03    0.22923E+02   -0.66388E+02
 1373    0.75807E+03    0.22713E+02   -0.66395E+02
 1374    0.75998E+03    0.22502E+02   -0.66387E+02
 1375    0.76189E+03    0.22290E+02   -0.66364E+02
 1376    0.76380E+03    0.22078E+02   -0.66325E+02
 1377    0.76570E+03    0.21866E+02   -0.66271E+02
 1378    0.76758E+03    0.21653E+02   -0.66201E+02
 1379    0.76946E+03    0.21440E+02   -0.66116E+02
 1380    0.77133E+03    0.21227E+02   -0.66015E+02
 1381    0.77319E+03    0.21013E+02   -0.65899E+02
 1382    0.77503E+03    0.20800E+02   -0.65768E+02
 1383    0.77686E+03    0.20586E+02   -0.65621E+02
 1384    0.77867E+03    0.20373E+02   -0.65460E+02
 1385    0.78047E+03    0.20160E+02   -0.65282E+02
 1386    0.78225E+03    0.19947E+02   -0.65090E+02
 1387    0.78401E+03    0.19735E+02   -0.64882E+02
 1388    0.78575E+03    0.19523E+02   -0.64659E+02
 1389    0.78746E+03    0.19311E+02   -0.64421E+02
 1390    0.78915E+03    0.19100E+02   -0.64168E+02
 1391    0.79082E+03    0.18890E+02   -0.63900E+02
 1392    0.79246E+03    0.18680E+02   -0.63616E+02
 1393    0.79408E+03    0.18471E+02   -0.63318E+02
 1394    0.79567E+03    0.18263E+02   -0.63004E+02
 1395    0.79723E+03    0.18056E+02   -0.62675E+02
 1396    0.79876E+03    0.17851E+02   -0.62331E+02
 1397    0.80025E+03    0.17646E+02   -0.61973E+02
 1398    0.80171E+03    0.17442E+02   -0.61599E+02
 1399    0.80314E+03    0.17240E+02   -0.61210E+02
 1400    0.80454E+03    0.17039E+02   -0.60806E+02
 1401    0.80589E+03    0.16840E+02   -0.60387E+02
 1402    0.80721E+03    0.16642E+02   -0.59954E+02
 1403    0.80849E+03    0.16446E+02   -0.59507E+02
 1404    0.80974E+03    0.16251E+02   -0.59045E+02
 1405    0.81094E+03    0.16058E+02   -0.58570E+02
 1406    0.81211E+03    0.15866E+02   -0.58082E+02
 1407    0.81323E+03    0.15677E+02   -0.57582E+02
 1408    0.81431E+03    0.15489E+02   -0.57068E+02
 1409    0.81535E+03    0.15304E+02   -0.56543E+02
 1410    0.81635E+03    0.15120E+02   -0.56006E+02
 1411    0.81731E+03    0.14938E+02   -0.55458E+02
 1412    0.81822E+03    0.14759E+02   -0.54898E+02
 1413    0.81909E+03    0.14581E+02   -0.54328E+02
 1414    0.81992E+03    0.14406E+02   -0.53748E+02
 1415    0.82069E+03    0.14233E+02   -0.53158E+02
 1416    0.82143E+03    0.14063E+02   -0.52558E+02
 1417    0.82212E+03    0.13894E+02   -0.51949E+02
 1418    0.82276E+03    0.13729E+02   -0.51331E+02
 1419    0.82335E+03    0.13566E+02   -0.50705E+02
 1420    0.82389E+03    0.13405E+02   -0.50070E+02
 1421    0.82439E+03    0.13247E+02   -0.49428E+02
 1422    0.82483E+03    0.13092E+02   -0.48778E+02
 1423    0.82523E+03    0.12940E+02   -0.48121E+02
 1424    0.82558E+03    0.12790E+02   -0.47458E+02
 1425    0.82587E+03    0.12644E+02   -0.46788E+02
 1426    0.82611E+03    0.12500E+02   -0.46113E+02
 1427    0.82630E+03    0.12359E+02   -0.45431E+02
 1428    0.82644E+03    0.12221E+02   -0.44744E+02
 1429    0.82652E+03    0.12087E+02   -0.44053E+02
 1430    0.82655E+03    0.11956E+02   -0.43357E+02
 1431    0.82653E+03    0.11828E+02   -0.42657E+02
 1432    0.82645E+03    0.11703E+02   -0.41952E+02
 1433    0.82631E+03    0.11582E+02   -0.41245E+02
 1434    0.82612E+03    0.11464E+02   -0.40534E+02
 1435    0.82587E+03    0.11349E+02   -0.39821E+02
 1436    0.82556E+03    0.11238E+02   -0.39105E+02
 1437    0.82519E+03    0.11131E+02   -0.38387E+02
 1438    0.82476E+03    0.11028E+02   -0.37667E+02
 1439    0.82428E+03    0.10928E+02   -0.36946E+02
 1440    0.82373E+03    0.10832E+02   -0.36224E+02
 1441    0.82312E+03    0.10740E+02   -0.35502E+02
 1442    0.82246E+03    0.10651E+02   -0.34779E+02
 1443    0.82172E+03    0.10567E+02   -0.34057E+02
 1444    0.82093E+03    0.10487E+02   -0.33334E+02
 1445    0.82007E+03    0.10411E+02   -0.32613E+02
 1446    0.81915E+03    0.10339E+02   -0.31893E+02
 1447    0.81817E+03    0.10271E+02   -0.31174E+02
 1448    0.81712E+03    0.10208E+02   -0.30458E+02
 1449    0.81600E+03    0.10148E+02   -0.29743E+02
 1450    0.81482E+03    0.10094E+02   -0.29031E+02
 1451    0.81357E+03    0.10043E+02   -0.28322E+02
 1452    0.81226E+03    0.99975E+01   -0.27616E+02
 1453    0.81088E+03    0.99559E+01   -0.26913E+02
 1454    0.80944E+03    0.99185E+01   -0.26213E+02
 1455    0.80794E+03    0.98852E+01   -0.25515E+02
 1456    0.80637E+03    0.98559E+01   -0.24820E+02
 1457    0.80475E+03    0.98305E+01   -0.24128E+02
 1458    0.80307E+03    0.98090E+01   -0.23438E+02
 1459    0.80134E+03    0.97912E+01   -0.22751E+02
 1460    0.79955E+03    0.97771E+01   -0.22066E+02
 1461    0.79770E+03    0.97665E+01   -0.21384E+02
 1462    0.79581E+03    0.97595E+01   -0.20703E+02
 1463    0.79386E+03    0.97558E+01   -0.20026E+02
 1464    0.79186E+03    0.97554E+01   -0.19350E+02
 1465    0.78982E+03    0.97582E+01   -0.18676E+02
 1466    0.78773E+03    0.97642E+01   -0.18005E+02
 1467    0.78559E+03    0.97732E+01   -0.17335E+02
 1468    0.78341E+03    0.97852E+01   -0.16668E+02
 1469    0.78118E+03    0.98000E+01   -0.16002E+02
 1470    0.77892E+03    0.98175E+01   -0.15339E+02
 1471    0.77661E+03    0.98378E+01   -0.14677E+02
 1472    0.77427E+03    0.98606E+01   -0.14017E+02
 1473    0.77189E+03    0.98860E+01   -0.13358E+02
 1474    0.76947E+03    0.99137E+01   -0.12701E+02
 1475    0.76701E+03    0.99438E+01   -0.12046E+02
 1476    0.76453E+03    0.99761E+01   -0.11392E+02
 1477    0.76201E+03    0.10011E+02   -0.10739E+02
 1478    0.75946E+03    0.10047E+02   -0.10088E+02
 1479    0.75688E+03    0.10085E+02   -0.94386E+01
 1480    0.75428E+03    0.10126E+02   -0.87901E+01
 1481    0.75164E+03    0.10168E+02   -0.81428E+01
 1482    0.74898E+03    0.10212E+02   -0.74965E+01
 1483    0.74630E+03    0.10257E+02   -0.68514E+01
 1484    0.74359E+03    0.10304E+02   -0.62073E+01
 1485    0.74087E+03    0.10352E+02   -0.55641E+01
 1486    0.73812E+03    0.10402E+02   -0.49218E+01
 1487    0.73535E+03    0.10453E+02   -0.42804E+01
 1488    0.73257E+03    0.10505E+02   -0.36397E+01
 1489    0.72977E+03    0.10558E+02   -0.29998E+01
 1490    0.72696E+03    0.10613E+02   -0.23605E+01
 1491    0.72413E+03    0.10668E+02   -0.17218E+01
 1492    0.72129E+03    0.10724E+02   -0.10836E+01
 1493    0.71844E+03    0.10780E+02   -0.44589E+00
 1494    0.71558E+03    0.10837E+02    0.19139E+00
 1495    0.71271E+03    0.10895E+02    0.82832E+00
 1496    0.70984E+03    0.10953E+02    0.14649E+01
 1497    0.70696E+03    0.11012E+02    0.21013E+01
 1498    0.70407E+03    0.11071E+02    0.27375E+01
 1499    0.70119E+03    0.11130E+02    0.33736E+01
 1500    0.69830E+03    0.11189E+02    0.40097E+01
