    2    0.11608E+04    0.48558E-01    0.31596E+01
    3    0.10806E+04    0.82990E-01    0.40715E+01
    4    0.10063E+04    0.96571E-01    0.42576E+01
    5    0.94948E+03    0.88217E-01    0.40068E+01
    6    0.90768E+03    0.66853E-01    0.35264E+01
    7    0.87802E+03    0.43405E-01    0.29578E+01
    8    0.85814E+03    0.25181E-01    0.24145E+01
    9    0.84502E+03    0.14434E-01    0.19510E+01
   10    0.83803E+03    0.97512E-02    0.15876E+01
   11    0.83569E+03    0.81714E-02    0.13317E+01
   12    0.83671E+03    0.77325E-02    0.11725E+01
   13    0.84010E+03    0.71260E-02    0.10940E+01
   14    0.84547E+03    0.63413E-02    0.10767E+01
   15    0.85253E+03    0.56924E-02    0.11003E+01
   16    0.86104E+03    0.54276E-02    0.11470E+01
   17    0.87078E+03    0.55321E-02    0.12085E+01
   18    0.88158E+03    0.59254E-02    0.12792E+01
   19    0.89323E+03    0.65270E-02    0.13532E+01
   20    0.90554E+03    0.72563E-02    0.14249E+01
   21    0.91835E+03    0.80497E-02    0.14895E+01
   22    0.93161E+03    0.89106E-02    0.15464E+01
   23    0.94529E+03    0.98594E-02    0.15963E+01
   24    0.95938E+03    0.10917E-01    0.16395E+01
   25    0.97384E+03    0.12102E-01    0.16766E+01
   26    0.98867E+03    0.13437E-01    0.17081E+01
   27    0.10038E+04    0.14941E-01    0.17345E+01
   28    0.10193E+04    0.16634E-01    0.17563E+01
   29    0.10350E+04    0.18537E-01    0.17740E+01
   30    0.10511E+04    0.20671E-01    0.17881E+01
   31    0.10673E+04    0.23052E-01    0.17989E+01
   32    0.10838E+04    0.25682E-01    0.18060E+01
   33    0.11006E+04    0.28560E-01    0.18085E+01
   34    0.11175E+04    0.31685E-01    0.18059E+01
   35    0.11347E+04    0.35056E-01    0.17974E+01
   36    0.11521E+04    0.38672E-01    0.17823E+01
   37    0.11697E+04    0.42530E-01    0.17599E+01
   38    0.11875E+04    0.46631E-01    0.17295E+01
   39    0.12055E+04    0.50973E-01    0.16904E+01
   40    0.12237E+04    0.55554E-01    0.16419E+01
   41    0.12421E+04    0.60374E-01    0.15834E+01
   42    0.12606E+04    0.65434E-01    0.15141E+01
   43    0.12794E+04    0.70738E-01    0.14336E+01
   44    0.12983E+04    0.76286E-01    0.13413E+01
   45    0.13174E+04    0.82082E-01    0.12367E+01
   46    0.13367E+04    0.88127E-01    0.11191E+01
   47    0.13563E+04    0.94423E-01    0.98795E+00
   48    0.13760E+04    0.10097E+00    0.84276E+00
   49    0.13959E+04    0.10778E+00    0.68291E+00
   50    0.14160E+04    0.11484E+00    0.50786E+00
   51    0.14363E+04    0.12217E+00    0.31719E+00
   52    0.14568E+04    0.12976E+00    0.11120E+00
   53    0.14775E+04    0.13762E+00   -0.10965E+00
   54    0.14984E+04    0.14575E+00   -0.34490E+00
   55    0.15195E+04    0.15416E+00   -0.59409E+00
   56    0.15408E+04    0.16284E+00   -0.85677E+00
   57    0.15623E+04    0.17182E+00   -0.11325E+01
   58    0.15840E+04    0.18108E+00   -0.14207E+01
   59    0.16059E+04    0.19063E+00   -0.17211E+01
   60    0.16280E+04    0.20049E+00   -0.20331E+01
   61    0.16503E+04    0.21064E+00   -0.23564E+01
   62    0.16728E+04    0.22109E+00   -0.26909E+01
   63    0.16955E+04    0.23182E+00   -0.30369E+01
   64    0.17184E+04    0.24284E+00   -0.33944E+01
   65    0.17416E+04    0.25414E+00   -0.37636E+01
   66    0.17649E+04    0.26571E+00   -0.41445E+01
   67    0.17885E+04    0.27755E+00   -0.45373E+01
   68    0.18123E+04    0.28964E+00   -0.49422E+01
   69    0.18363E+04    0.30199E+00   -0.53591E+01
   70    0.18606E+04    0.31459E+00   -0.57883E+01
   71    0.18851E+04    0.32742E+00   -0.62297E+01
   72    0.19099E+04    0.34049E+00   -0.66833E+01
   73    0.19349E+04    0.35377E+00   -0.71488E+01
   74    0.19601E+04    0.36726E+00   -0.76261E+01
   75    0.19856E+04    0.38094E+00   -0.81149E+01
   76    0.20114E+04    0.39480E+00   -0.86149E+01
   77    0.20373E+04    0.40883E+00   -0.91260E+01
   78    0.20635E+04    0.42302E+00   -0.96481E+01
   79    0.20900E+04    0.43734E+00   -0.10181E+02
   80    0.21166E+04    0.45180E+00   -0.10724E+02
   81    0.21435E+04    0.46637E+00   -0.11277E+02
   82    0.21707E+04    0.48105E+00   -0.11840E+02
   83    0.21980E+04    0.49581E+00   -0.12412E+02
   84    0.22257E+04    0.51065E+00   -0.12993E+02
   85    0.22535E+04    0.52554E+00   -0.13581E+02
   86    0.22816E+04    0.54047E+00   -0.14177E+02
   87    0.23099E+04    0.55543E+00   -0.14780E+02
   88    0.23385E+04    0.57040E+00   -0.15388E+02
   89    0.23673E+04    0.58536E+00   -0.16003E+02
   90    0.23964E+04    0.60030E+00   -0.16622E+02
   91    0.24257E+04    0.61521E+00   -0.17245E+02
   92    0.24553E+04    0.63007E+00   -0.17873E+02
   93    0.24851E+04    0.64487E+00   -0.18504E+02
   94    0.25151E+04    0.65960E+00   -0.19139E+02
   95    0.25454E+04    0.67424E+00   -0.19776E+02
   96    0.25759E+04    0.68880E+00   -0.20415E+02
   97    0.26066E+04    0.70324E+00   -0.21056E+02
   98    0.26375E+04    0.71758E+00   -0.21699E+02
   99    0.26687E+04    0.73178E+00   -0.22342E+02
  100    0.27000E+04    0.74584E+00   -0.22986E+02
  101    0.27315E+04    0.75975E+00   -0.23631E+02
  102    0.27633E+04    0.77350E+00   -0.24275E+02
  103    0.27952E+04    0.78708E+00   -0.24918E+02
  104    0.28273E+04    0.80046E+00   -0.25560E+02
  105    0.28596E+04    0.81366E+00   -0.26201E+02
  106    0.28921E+04    0.82664E+00   -0.26839E+02
  107    0.29247E+04    0.83940E+00   -0.27476E+02
  108    0.29575E+04    0.85193E+00   -0.28109E+02
  109    0.29905E+04    0.86421E+00   -0.28739E+02
  110    0.30236E+04    0.87624E+00   -0.29366E+02
  111    0.30569E+04    0.88800E+00   -0.29988E+02
  112    0.30903E+04    0.89949E+00   -0.30606E+02
  113    0.31239E+04    0.91069E+00   -0.31218E+02
  114    0.31575E+04    0.92158E+00   -0.31825E+02
  115    0.31913E+04    0.93217E+00   -0.32425E+02
  116    0.32253E+04    0.94244E+00   -0.33018E+02
  117    0.32593E+04    0.95237E+00   -0.33603E+02
  118    0.32934E+04    0.96196E+00   -0.34180E+02
  119    0.33276E+04    0.97119E+00   -0.34749E+02
  120    0.33619E+04    0.98006E+00   -0.35308E+02
  121    0.33963E+04    0.98855E+00   -0.35857E+02
  122    0.34307E+04    0.99666E+00   -0.36396E+02
  123    0.34653E+04    0.10044E+01   -0.36924E+02
  124    0.34998E+04    0.10117E+01   -0.37440E+02
  125    0.35344E+04    0.10185E+01   -0.37943E+02
  126    0.35691E+04    0.10250E+01   -0.38434E+02
  127    0.36038E+04    0.10310E+01   -0.38912E+02
  128    0.36385E+04    0.10366E+01   -0.39375E+02
  129    0.36732E+04    0.10416E+01   -0.39824E+02
  130    0.37080E+04    0.10463E+01   -0.40257E+02
  131    0.37427E+04    0.10504E+01   -0.40675E+02
  132    0.37775E+04    0.10540E+01   -0.41077E+02
  133    0.38122E+04    0.10572E+01   -0.41462E+02
  134    0.38469E+04    0.10599E+01   -0.41830E+02
  135    0.38815E+04    0.10621E+01   -0.42180E+02
  136    0.39161E+04    0.10638E+01   -0.42512E+02
  137    0.39507E+04    0.10651E+01   -0.42826E+02
  138    0.39851E+04    0.10659E+01   -0.43121E+02
  139    0.40195E+04    0.10662E+01   -0.43397E+02
  140    0.40538E+04    0.10660E+01   -0.43653E+02
  141    0.40879E+04    0.10654E+01   -0.43889E+02
  142    0.41220E+04    0.10643E+01   -0.44104E+02
  143    0.41559E+04    0.10627E+01   -0.44298E+02
  144    0.41897E+04    0.10607E+01   -0.44471E+02
  145    0.42233E+04    0.10583E+01   -0.44621E+02
  146    0.42568E+04    0.10553E+01   -0.44749E+02
  147    0.42901E+04    0.10520E+01   -0.44855E+02
  148    0.43232E+04    0.10481E+01   -0.44936E+02
  149    0.43561E+04    0.10438E+01   -0.44995E+02
  150    0.43888E+04    0.10391E+01   -0.45029E+02
  151    0.44213E+04    0.10339E+01   -0.45038E+02
  152    0.44535E+04    0.10283E+01   -0.45023E+02
  153    0.44855E+04    0.10223E+01   -0.44982E+02
  154    0.45173E+04    0.10158E+01   -0.44917E+02
  155    0.45488E+04    0.10091E+01   -0.44827E+02
  156    0.45801E+04    0.10019E+01   -0.44711E+02
  157    0.46111E+04    0.99439E+00   -0.44570E+02
  158    0.46418E+04    0.98657E+00   -0.44404E+02
  159    0.46722E+04    0.97844E+00   -0.44212E+02
  160    0.47024E+04    0.97002E+00   -0.43994E+02
  161    0.47322E+04    0.96133E+00   -0.43751E+02
  162    0.47618E+04    0.95238E+00   -0.43481E+02
  163    0.47910E+04    0.94320E+00   -0.43186E+02
  164    0.48200E+04    0.93379E+00   -0.42865E+02
  165    0.48485E+04    0.92419E+00   -0.42517E+02
  166    0.48768E+04    0.91440E+00   -0.42143E+02
  167    0.49047E+04    0.90445E+00   -0.41742E+02
  168    0.49323E+04    0.89435E+00   -0.41315E+02
  169    0.49595E+04    0.88412E+00   -0.40861E+02
  170    0.49864E+04    0.87377E+00   -0.40380E+02
  171    0.50128E+04    0.86333E+00   -0.39872E+02
  172    0.50389E+04    0.85281E+00   -0.39338E+02
  173    0.50646E+04    0.84223E+00   -0.38776E+02
  174    0.50900E+04    0.83161E+00   -0.38187E+02
  175    0.51149E+04    0.82096E+00   -0.37570E+02
  176    0.51394E+04    0.81030E+00   -0.36926E+02
  177    0.51635E+04    0.79968E+00   -0.36254E+02
  178    0.51871E+04    0.78911E+00   -0.35556E+02
  179    0.52103E+04    0.77865E+00   -0.34830E+02
  180    0.52331E+04    0.76831E+00   -0.34077E+02
  181    0.52555E+04    0.75815E+00   -0.33298E+02
  182    0.52773E+04    0.74818E+00   -0.32492E+02
  183    0.52987E+04    0.73845E+00   -0.31660E+02
  184    0.53197E+04    0.72900E+00   -0.30802E+02
  185    0.53401E+04    0.71985E+00   -0.29918E+02
  186    0.53601E+04    0.71105E+00   -0.29007E+02
  187    0.53796E+04    0.70262E+00   -0.28071E+02
  188    0.53985E+04    0.69460E+00   -0.27110E+02
  189    0.54170E+04    0.68703E+00   -0.26123E+02
  190    0.54349E+04    0.67995E+00   -0.25111E+02
  191    0.54523E+04    0.67338E+00   -0.24074E+02
  192    0.54692E+04    0.66736E+00   -0.23012E+02
  193    0.54855E+04    0.66194E+00   -0.21925E+02
  194    0.55012E+04    0.65713E+00   -0.20813E+02
  195    0.55164E+04    0.65298E+00   -0.19678E+02
  196    0.55311E+04    0.64952E+00   -0.18518E+02
  197    0.55451E+04    0.64679E+00   -0.17334E+02
  198    0.55586E+04    0.64483E+00   -0.16126E+02
  199    0.55714E+04    0.64366E+00   -0.14894E+02
  200    0.55837E+04    0.64332E+00   -0.13639E+02
  201    0.55954E+04    0.64385E+00   -0.12360E+02
  202    0.56064E+04    0.64528E+00   -0.11059E+02
  203    0.56169E+04    0.64764E+00   -0.97351E+01
  204    0.56267E+04    0.65096E+00   -0.83903E+01
  205    0.56360E+04    0.65528E+00   -0.70248E+01
  206    0.56446E+04    0.66062E+00   -0.56393E+01
  207    0.56526E+04    0.66701E+00   -0.42344E+01
  208    0.56600E+04    0.67449E+00   -0.28109E+01
  209    0.56668E+04    0.68310E+00   -0.13694E+01
  210    0.56730E+04    0.69285E+00    0.89409E-01
  211    0.56786E+04    0.70378E+00    0.15648E+01
  212    0.56836E+04    0.71593E+00    0.30562E+01
  213    0.56880E+04    0.72932E+00    0.45629E+01
  214    0.56918E+04    0.74399E+00    0.60841E+01
  215    0.56950E+04    0.75996E+00    0.76193E+01
  216    0.56976E+04    0.77727E+00    0.91677E+01
  217    0.56996E+04    0.79596E+00    0.10729E+02
  218    0.57010E+04    0.81604E+00    0.12301E+02
  219    0.57018E+04    0.83756E+00    0.13885E+02
  220    0.57019E+04    0.86055E+00    0.15480E+02
  221    0.57015E+04    0.88503E+00    0.17084E+02
  222    0.57005E+04    0.91103E+00    0.18698E+02
  223    0.56989E+04    0.93860E+00    0.20320E+02
  224    0.56967E+04    0.96775E+00    0.21950E+02
  225    0.56939E+04    0.99853E+00    0.23587E+02
  226    0.56905E+04    0.10310E+01    0.25230E+02
  227    0.56866E+04    0.10651E+01    0.26879E+02
  228    0.56820E+04    0.11009E+01    0.28533E+02
  229    0.56768E+04    0.11385E+01    0.30192E+02
  230    0.56710E+04    0.11778E+01    0.31855E+02
  231    0.56647E+04    0.12190E+01    0.33520E+02
  232    0.56577E+04    0.12620E+01    0.35188E+02
  233    0.56502E+04    0.13069E+01    0.36857E+02
  234    0.56421E+04    0.13537E+01    0.38528E+02
  235    0.56333E+04    0.14024E+01    0.40199E+02
  236    0.56240E+04    0.14531E+01    0.41869E+02
  237    0.56141E+04    0.15058E+01    0.43539E+02
  238    0.56036E+04    0.15605E+01    0.45206E+02
  239    0.55926E+04    0.16173E+01    0.46872E+02
  240    0.55809E+04    0.16762E+01    0.48534E+02
  241    0.55686E+04    0.17372E+01    0.50193E+02
  242    0.55558E+04    0.18003E+01    0.51847E+02
  243    0.55424E+04    0.18657E+01    0.53496E+02
  244    0.55284E+04    0.19332E+01    0.55140E+02
  245    0.55138E+04    0.20030E+01    0.56776E+02
  246    0.54986E+04    0.20751E+01    0.58406E+02
  247    0.54828E+04    0.21495E+01    0.60028E+02
  248    0.54665E+04    0.22263E+01    0.61642E+02
  249    0.54496E+04    0.23054E+01    0.63246E+02
  250    0.54321E+04    0.23869E+01    0.64840E+02
  251    0.54140E+04    0.24709E+01    0.66424E+02
  252    0.53953E+04    0.25573E+01    0.67997E+02
  253    0.53761E+04    0.26461E+01    0.69558E+02
  254    0.53563E+04    0.27372E+01    0.71107E+02
  255    0.53360E+04    0.28307E+01    0.72643E+02
  256    0.53152E+04    0.29265E+01    0.74166E+02
  257    0.52938E+04    0.30246E+01    0.75674E+02
  258    0.52719E+04    0.31250E+01    0.77168E+02
  259    0.52496E+04    0.32276E+01    0.78646E+02
  260    0.52267E+04    0.33325E+01    0.80109E+02
  261    0.52034E+04    0.34395E+01    0.81555E+02
  262    0.51796E+04    0.35488E+01    0.82984E+02
  263    0.51553E+04    0.36602E+01    0.84395E+02
  264    0.51306E+04    0.37737E+01    0.85788E+02
  265    0.51055E+04    0.38894E+01    0.87162E+02
  266    0.50800E+04    0.40071E+01    0.88517E+02
  267    0.50540E+04    0.41269E+01    0.89852E+02
  268    0.50276E+04    0.42488E+01    0.91166E+02
  269    0.50009E+04    0.43726E+01    0.92459E+02
  270    0.49737E+04    0.44985E+01    0.93730E+02
  271    0.49462E+04    0.46263E+01    0.94979E+02
  272    0.49183E+04    0.47561E+01    0.96204E+02
  273    0.48901E+04    0.48878E+01    0.97407E+02
  274    0.48615E+04    0.50214E+01    0.98584E+02
  275    0.48326E+04    0.51569E+01    0.99738E+02
  276    0.48034E+04    0.52942E+01    0.10087E+03
  277    0.47738E+04    0.54334E+01    0.10197E+03
  278    0.47440E+04    0.55744E+01    0.10304E+03
  279    0.47139E+04    0.57172E+01    0.10409E+03
  280    0.46835E+04    0.58617E+01    0.10511E+03
  281    0.46528E+04    0.60080E+01    0.10610E+03
  282    0.46219E+04    0.61559E+01    0.10707E+03
  283    0.45907E+04    0.63056E+01    0.10800E+03
  284    0.45593E+04    0.64569E+01    0.10890E+03
  285    0.45276E+04    0.66099E+01    0.10977E+03
  286    0.44958E+04    0.67645E+01    0.11062E+03
  287    0.44637E+04    0.69207E+01    0.11143E+03
  288    0.44315E+04    0.70785E+01    0.11220E+03
  289    0.43991E+04    0.72378E+01    0.11295E+03
  290    0.43664E+04    0.73987E+01    0.11366E+03
  291    0.43337E+04    0.75610E+01    0.11433E+03
  292    0.43007E+04    0.77249E+01    0.11497E+03
  293    0.42677E+04    0.78902E+01    0.11558E+03
  294    0.42345E+04    0.80569E+01    0.11615E+03
  295    0.42012E+04    0.82250E+01    0.11668E+03
  296    0.41677E+04    0.83946E+01    0.11717E+03
  297    0.41342E+04    0.85654E+01    0.11763E+03
  298    0.41006E+04    0.87377E+01    0.11805E+03
  299    0.40669E+04    0.89112E+01    0.11843E+03
  300    0.40331E+04    0.90861E+01    0.11877E+03
  301    0.39993E+04    0.92622E+01    0.11907E+03
  302    0.39654E+04    0.94395E+01    0.11933E+03
  303    0.39315E+04    0.96179E+01    0.11955E+03
  304    0.38975E+04    0.97974E+01    0.11973E+03
  305    0.38636E+04    0.99778E+01    0.11987E+03
  306    0.38296E+04    0.10159E+02    0.11998E+03
  307    0.37956E+04    0.10341E+02    0.12004E+03
  308    0.37616E+04    0.10524E+02    0.12006E+03
  309    0.37276E+04    0.10708E+02    0.12005E+03
  310    0.36937E+04    0.10892E+02    0.12000E+03
  311    0.36598E+04    0.11077E+02    0.11991E+03
  312    0.36259E+04    0.11262E+02    0.11978E+03
  313    0.35921E+04    0.11448E+02    0.11961E+03
  314    0.35583E+04    0.11633E+02    0.11941E+03
  315    0.35246E+04    0.11820E+02    0.11917E+03
  316    0.34910E+04    0.12006E+02    0.11889E+03
  317    0.34575E+04    0.12192E+02    0.11858E+03
  318    0.34240E+04    0.12379E+02    0.11823E+03
  319    0.33907E+04    0.12565E+02    0.11784E+03
  320    0.33575E+04    0.12751E+02    0.11741E+03
  321    0.33244E+04    0.12937E+02    0.11695E+03
  322    0.32914E+04    0.13123E+02    0.11646E+03
  323    0.32586E+04    0.13308E+02    0.11593E+03
  324    0.32259E+04    0.13493E+02    0.11536E+03
  325    0.31934E+04    0.13677E+02    0.11476E+03
  326    0.31611E+04    0.13861E+02    0.11413E+03
  327    0.31289E+04    0.14044E+02    0.11345E+03
  328    0.30969E+04    0.14226E+02    0.11275E+03
  329    0.30652E+04    0.14408E+02    0.11201E+03
  330    0.30336E+04    0.14589E+02    0.11124E+03
  331    0.30022E+04    0.14768E+02    0.11043E+03
  332    0.29711E+04    0.14947E+02    0.10959E+03
  333    0.29402E+04    0.15125E+02    0.10871E+03
  334    0.29095E+04    0.15301E+02    0.10781E+03
  335    0.28791E+04    0.15476E+02    0.10687E+03
  336    0.28490E+04    0.15650E+02    0.10589E+03
  337    0.28191E+04    0.15823E+02    0.10489E+03
  338    0.27895E+04    0.15994E+02    0.10385E+03
  339    0.27601E+04    0.16163E+02    0.10278E+03
  340    0.27311E+04    0.16331E+02    0.10168E+03
  341    0.27024E+04    0.16497E+02    0.10054E+03
  342    0.26740E+04    0.16661E+02    0.99380E+02
  343    0.26459E+04    0.16824E+02    0.98184E+02
  344    0.26182E+04    0.16984E+02    0.96957E+02
  345    0.25907E+04    0.17143E+02    0.95699E+02
  346    0.25637E+04    0.17299E+02    0.94410E+02
  347    0.25370E+04    0.17454E+02    0.93092E+02
  348    0.25107E+04    0.17606E+02    0.91743E+02
  349    0.24847E+04    0.17756E+02    0.90364E+02
  350    0.24591E+04    0.17903E+02    0.88955E+02
  351    0.24340E+04    0.18049E+02    0.87517E+02
  352    0.24092E+04    0.18191E+02    0.86050E+02
  353    0.23848E+04    0.18331E+02    0.84556E+02
  354    0.23608E+04    0.18469E+02    0.83034E+02
  355    0.23373E+04    0.18604E+02    0.81486E+02
  356    0.23141E+04    0.18736E+02    0.79913E+02
  357    0.22913E+04    0.18866E+02    0.78315E+02
  358    0.22689E+04    0.18993E+02    0.76693E+02
  359    0.22470E+04    0.19117E+02    0.75048E+02
  360    0.22254E+04    0.19238E+02    0.73382E+02
  361    0.22043E+04    0.19357E+02    0.71694E+02
  362    0.21835E+04    0.19473E+02    0.69985E+02
  363    0.21632E+04    0.19585E+02    0.68257E+02
  364    0.21432E+04    0.19695E+02    0.66510E+02
  365    0.21237E+04    0.19802E+02    0.64744E+02
  366    0.21046E+04    0.19906E+02    0.62962E+02
  367    0.20859E+04    0.20007E+02    0.61163E+02
  368    0.20676E+04    0.20105E+02    0.59349E+02
  369    0.20498E+04    0.20199E+02    0.57519E+02
  370    0.20323E+04    0.20291E+02    0.55676E+02
  371    0.20153E+04    0.20379E+02    0.53820E+02
  372    0.19987E+04    0.20464E+02    0.51951E+02
  373    0.19825E+04    0.20545E+02    0.50071E+02
  374    0.19667E+04    0.20624E+02    0.48180E+02
  375    0.19513E+04    0.20699E+02    0.46280E+02
  376    0.19364E+04    0.20770E+02    0.44370E+02
  377    0.19219E+04    0.20838E+02    0.42452E+02
  378    0.19078E+04    0.20903E+02    0.40527E+02
  379    0.18941E+04    0.20964E+02    0.38595E+02
  380    0.18809E+04    0.21022E+02    0.36657E+02
  381    0.18681E+04    0.21076E+02    0.34714E+02
  382    0.18557E+04    0.21126E+02    0.32768E+02
  383    0.18437E+04    0.21173E+02    0.30818E+02
  384    0.18322E+04    0.21216E+02    0.28865E+02
  385    0.18211E+04    0.21255E+02    0.26911E+02
  386    0.18104E+04    0.21290E+02    0.24956E+02
  387    0.18002E+04    0.21322E+02    0.23000E+02
  388    0.17904E+04    0.21349E+02    0.21046E+02
  389    0.17811E+04    0.21373E+02    0.19093E+02
  390    0.17721E+04    0.21393E+02    0.17143E+02
  391    0.17637E+04    0.21409E+02    0.15196E+02
  392    0.17556E+04    0.21421E+02    0.13253E+02
  393    0.17480E+04    0.21428E+02    0.11314E+02
  394    0.17408E+04    0.21432E+02    0.93818E+01
  395    0.17341E+04    0.21432E+02    0.74558E+01
  396    0.17278E+04    0.21427E+02    0.55371E+01
  397    0.17220E+04    0.21418E+02    0.36265E+01
  398    0.17166E+04    0.21405E+02    0.17249E+01
  399    0.17117E+04    0.21388E+02   -0.16689E+00
  400    0.17072E+04    0.21366E+02   -0.20481E+01
  401    0.17031E+04    0.21340E+02   -0.39179E+01
  402    0.16995E+04    0.21309E+02   -0.57758E+01
  403    0.16963E+04    0.21275E+02   -0.76212E+01
  404    0.16936E+04    0.21236E+02   -0.94534E+01
  405    0.16913E+04    0.21193E+02   -0.11272E+02
  406    0.16893E+04    0.21146E+02   -0.13077E+02
  407    0.16878E+04    0.21094E+02   -0.14866E+02
  408    0.16867E+04    0.21039E+02   -0.16641E+02
  409    0.16860E+04    0.20980E+02   -0.18400E+02
  410    0.16857E+04    0.20918E+02   -0.20142E+02
  411    0.16858E+04    0.20851E+02   -0.21867E+02
  412    0.16862E+04    0.20781E+02   -0.23575E+02
  413    0.16870E+04    0.20707E+02   -0.25265E+02
  414    0.16882E+04    0.20629E+02   -0.26937E+02
  415    0.16897E+04    0.20548E+02   -0.28589E+02
  416    0.16916E+04    0.20463E+02   -0.30221E+02
  417    0.16938E+04    0.20375E+02   -0.31834E+02
  418    0.16964E+04    0.20283E+02   -0.33425E+02
  419    0.16993E+04    0.20189E+02   -0.34996E+02
  420    0.17025E+04    0.20091E+02   -0.36544E+02
  421    0.17060E+04    0.19989E+02   -0.38070E+02
  422    0.17099E+04    0.19885E+02   -0.39573E+02
  423    0.17140E+04    0.19777E+02   -0.41053E+02
  424    0.17185E+04    0.19667E+02   -0.42508E+02
  425    0.17232E+04    0.19553E+02   -0.43939E+02
  426    0.17282E+04    0.19437E+02   -0.45345E+02
  427    0.17335E+04    0.19318E+02   -0.46725E+02
  428    0.17391E+04    0.19196E+02   -0.48079E+02
  429    0.17449E+04    0.19071E+02   -0.49405E+02
  430    0.17510E+04    0.18944E+02   -0.50705E+02
  431    0.17573E+04    0.18814E+02   -0.51977E+02
  432    0.17639E+04    0.18681E+02   -0.53220E+02
  433    0.17707E+04    0.18546E+02   -0.54434E+02
  434    0.17778E+04    0.18408E+02   -0.55619E+02
  435    0.17851E+04    0.18269E+02   -0.56773E+02
  436    0.17926E+04    0.18126E+02   -0.57897E+02
  437    0.18003E+04    0.17982E+02   -0.58990E+02
  438    0.18082E+04    0.17835E+02   -0.60051E+02
  439    0.18163E+04    0.17686E+02   -0.61079E+02
  440    0.18246E+04    0.17535E+02   -0.62075E+02
  441    0.18331E+04    0.17382E+02   -0.63037E+02
  442    0.18418E+04    0.17227E+02   -0.63966E+02
  443    0.18506E+04    0.17071E+02   -0.64860E+02
  444    0.18596E+04    0.16912E+02   -0.65718E+02
  445    0.18688E+04    0.16751E+02   -0.66542E+02
  446    0.18781E+04    0.16589E+02   -0.67329E+02
  447    0.18876E+04    0.16425E+02   -0.68079E+02
  448    0.18972E+04    0.16260E+02   -0.68792E+02
  449    0.19069E+04    0.16093E+02   -0.69467E+02
  450    0.19168E+04    0.15924E+02   -0.70104E+02
  451    0.19268E+04    0.15754E+02   -0.70703E+02
  452    0.19369E+04    0.15583E+02   -0.71262E+02
  453    0.19471E+04    0.15410E+02   -0.71783E+02
  454    0.19574E+04    0.15237E+02   -0.72267E+02
  455    0.19679E+04    0.15062E+02   -0.72712E+02
  456    0.19784E+04    0.14886E+02   -0.73120E+02
  457    0.19889E+04    0.14710E+02   -0.73491E+02
  458    0.19996E+04    0.14533E+02   -0.73825E+02
  459    0.20103E+04    0.14355E+02   -0.74123E+02
  460    0.20211E+04    0.14177E+02   -0.74384E+02
  461    0.20319E+04    0.13998E+02   -0.74609E+02
  462    0.20428E+04    0.13819E+02   -0.74799E+02
  463    0.20538E+04    0.13640E+02   -0.74953E+02
  464    0.20647E+04    0.13461E+02   -0.75073E+02
  465    0.20757E+04    0.13282E+02   -0.75157E+02
  466    0.20867E+04    0.13103E+02   -0.75207E+02
  467    0.20978E+04    0.12924E+02   -0.75223E+02
  468    0.21088E+04    0.12746E+02   -0.75205E+02
  469    0.21199E+04    0.12568E+02   -0.75153E+02
  470    0.21309E+04    0.12391E+02   -0.75068E+02
  471    0.21419E+04    0.12214E+02   -0.74950E+02
  472    0.21530E+04    0.12038E+02   -0.74800E+02
  473    0.21640E+04    0.11863E+02   -0.74617E+02
  474    0.21749E+04    0.11689E+02   -0.74401E+02
  475    0.21859E+04    0.11516E+02   -0.74154E+02
  476    0.21967E+04    0.11345E+02   -0.73876E+02
  477    0.22076E+04    0.11174E+02   -0.73566E+02
  478    0.22184E+04    0.11005E+02   -0.73225E+02
  479    0.22291E+04    0.10838E+02   -0.72854E+02
  480    0.22398E+04    0.10672E+02   -0.72452E+02
  481    0.22503E+04    0.10508E+02   -0.72020E+02
  482    0.22608E+04    0.10346E+02   -0.71559E+02
  483    0.22712E+04    0.10185E+02   -0.71068E+02
  484    0.22816E+04    0.10027E+02   -0.70548E+02
  485    0.22918E+04    0.98709E+01   -0.69999E+02
  486    0.23019E+04    0.97170E+01   -0.69421E+02
  487    0.23119E+04    0.95655E+01   -0.68815E+02
  488    0.23217E+04    0.94164E+01   -0.68181E+02
  489    0.23315E+04    0.92700E+01   -0.67519E+02
  490    0.23411E+04    0.91262E+01   -0.66830E+02
  491    0.23506E+04    0.89852E+01   -0.66114E+02
  492    0.23599E+04    0.88471E+01   -0.65371E+02
  493    0.23691E+04    0.87120E+01   -0.64602E+02
  494    0.23781E+04    0.85800E+01   -0.63806E+02
  495    0.23869E+04    0.84512E+01   -0.62985E+02
  496    0.23956E+04    0.83257E+01   -0.62137E+02
  497    0.24041E+04    0.82036E+01   -0.61265E+02
  498    0.24124E+04    0.80851E+01   -0.60367E+02
  499    0.24205E+04    0.79702E+01   -0.59445E+02
  500    0.24284E+04    0.78590E+01   -0.58498E+02
  501    0.24362E+04    0.77517E+01   -0.57527E+02
  502    0.24437E+04    0.76483E+01   -0.56533E+02
  503    0.24510E+04    0.75487E+01   -0.55516E+02
  504    0.24581E+04    0.74531E+01   -0.54478E+02
  505    0.24650E+04    0.73615E+01   -0.53418E+02
  506    0.24716E+04    0.72739E+01   -0.52338E+02
  507    0.24781E+04    0.71904E+01   -0.51239E+02
  508    0.24844E+04    0.71110E+01   -0.50121E+02
  509    0.24904E+04    0.70356E+01   -0.48986E+02
  510    0.24963E+04    0.69645E+01   -0.47833E+02
  511    0.25019E+04    0.68975E+01   -0.46665E+02
  512    0.25073E+04    0.68348E+01   -0.45481E+02
  513    0.25125E+04    0.67763E+01   -0.44282E+02
  514    0.25175E+04    0.67221E+01   -0.43069E+02
  515    0.25223E+04    0.66722E+01   -0.41844E+02
  516    0.25268E+04    0.66268E+01   -0.40606E+02
  517    0.25312E+04    0.65857E+01   -0.39356E+02
  518    0.25353E+04    0.65490E+01   -0.38097E+02
  519    0.25392E+04    0.65169E+01   -0.36827E+02
  520    0.25429E+04    0.64892E+01   -0.35548E+02
  521    0.25464E+04    0.64661E+01   -0.34261E+02
  522    0.25497E+04    0.64475E+01   -0.32966E+02
  523    0.25527E+04    0.64336E+01   -0.31665E+02
  524    0.25555E+04    0.64243E+01   -0.30358E+02
  525    0.25582E+04    0.64197E+01   -0.29046E+02
  526    0.25605E+04    0.64198E+01   -0.27729E+02
  527    0.25627E+04    0.64247E+01   -0.26409E+02
  528    0.25646E+04    0.64343E+01   -0.25087E+02
  529    0.25664E+04    0.64488E+01   -0.23762E+02
  530    0.25679E+04    0.64681E+01   -0.22437E+02
  531    0.25691E+04    0.64924E+01   -0.21111E+02
  532    0.25702E+04    0.65215E+01   -0.19785E+02
  533    0.25710E+04    0.65556E+01   -0.18461E+02
  534    0.25716E+04    0.65947E+01   -0.17139E+02
  535    0.25720E+04    0.66389E+01   -0.15819E+02
  536    0.25721E+04    0.66881E+01   -0.14504E+02
  537    0.25720E+04    0.67424E+01   -0.13193E+02
  538    0.25717E+04    0.68018E+01   -0.11887E+02
  539    0.25712E+04    0.68664E+01   -0.10587E+02
  540    0.25704E+04    0.69362E+01   -0.92941E+01
  541    0.25694E+04    0.70113E+01   -0.80087E+01
  542    0.25682E+04    0.70916E+01   -0.67318E+01
  543    0.25667E+04    0.71772E+01   -0.54641E+01
  544    0.25650E+04    0.72682E+01   -0.42065E+01
  545    0.25631E+04    0.73646E+01   -0.29596E+01
  546    0.25610E+04    0.74664E+01   -0.17244E+01
  547    0.25586E+04    0.75736E+01   -0.50154E+00
  548    0.25560E+04    0.76863E+01    0.70808E+00
  549    0.25531E+04    0.78046E+01    0.19037E+01
  550    0.25500E+04    0.79284E+01    0.30845E+01
  551    0.25467E+04    0.80577E+01    0.42499E+01
  552    0.25431E+04    0.81926E+01    0.53991E+01
  553    0.25393E+04    0.83329E+01    0.65320E+01
  554    0.25353E+04    0.84785E+01    0.76479E+01
  555    0.25311E+04    0.86293E+01    0.87465E+01
  556    0.25267E+04    0.87854E+01    0.98274E+01
  557    0.25220E+04    0.89464E+01    0.10890E+02
  558    0.25171E+04    0.91125E+01    0.11934E+02
  559    0.25121E+04    0.92835E+01    0.12959E+02
  560    0.25068E+04    0.94593E+01    0.13965E+02
  561    0.25014E+04    0.96398E+01    0.14950E+02
  562    0.24958E+04    0.98250E+01    0.15915E+02
  563    0.24900E+04    0.10015E+02    0.16860E+02
  564    0.24840E+04    0.10209E+02    0.17783E+02
  565    0.24778E+04    0.10408E+02    0.18684E+02
  566    0.24715E+04    0.10610E+02    0.19564E+02
  567    0.24650E+04    0.10818E+02    0.20421E+02
  568    0.24584E+04    0.11029E+02    0.21255E+02
  569    0.24516E+04    0.11244E+02    0.22065E+02
  570    0.24446E+04    0.11463E+02    0.22852E+02
  571    0.24375E+04    0.11686E+02    0.23614E+02
  572    0.24303E+04    0.11913E+02    0.24352E+02
  573    0.24229E+04    0.12144E+02    0.25065E+02
  574    0.24154E+04    0.12378E+02    0.25752E+02
  575    0.24078E+04    0.12616E+02    0.26413E+02
  576    0.24000E+04    0.12857E+02    0.27047E+02
  577    0.23921E+04    0.13101E+02    0.27655E+02
  578    0.23842E+04    0.13349E+02    0.28235E+02
  579    0.23761E+04    0.13600E+02    0.28788E+02
  580    0.23679E+04    0.13854E+02    0.29313E+02
  581    0.23595E+04    0.14111E+02    0.29809E+02
  582    0.23511E+04    0.14371E+02    0.30275E+02
  583    0.23427E+04    0.14634E+02    0.30713E+02
  584    0.23341E+04    0.14900E+02    0.31120E+02
  585    0.23254E+04    0.15168E+02    0.31497E+02
  586    0.23167E+04    0.15439E+02    0.31844E+02
  587    0.23079E+04    0.15712E+02    0.32159E+02
  588    0.22990E+04    0.15988E+02    0.32442E+02
  589    0.22901E+04    0.16266E+02    0.32694E+02
  590    0.22811E+04    0.16546E+02    0.32913E+02
  591    0.22720E+04    0.16828E+02    0.33099E+02
  592    0.22629E+04    0.17113E+02    0.33251E+02
  593    0.22538E+04    0.17399E+02    0.33370E+02
  594    0.22446E+04    0.17688E+02    0.33454E+02
  595    0.22353E+04    0.17978E+02    0.33504E+02
  596    0.22261E+04    0.18270E+02    0.33519E+02
  597    0.22168E+04    0.18563E+02    0.33498E+02
  598    0.22075E+04    0.18858E+02    0.33441E+02
  599    0.21981E+04    0.19155E+02    0.33348E+02
  600    0.21888E+04    0.19453E+02    0.33218E+02
  601    0.21794E+04    0.19752E+02    0.33051E+02
  602    0.21701E+04    0.20052E+02    0.32847E+02
  603    0.21607E+04    0.20354E+02    0.32606E+02
  604    0.21513E+04    0.20656E+02    0.32329E+02
  605    0.21420E+04    0.20959E+02    0.32017E+02
  606    0.21327E+04    0.21263E+02    0.31669E+02
  607    0.21233E+04    0.21567E+02    0.31286E+02
  608    0.21140E+04    0.21872E+02    0.30868E+02
  609    0.21047E+04    0.22177E+02    0.30416E+02
  610    0.20955E+04    0.22482E+02    0.29931E+02
  611    0.20863E+04    0.22787E+02    0.29411E+02
  612    0.20771E+04    0.23093E+02    0.28859E+02
  613    0.20679E+04    0.23398E+02    0.28274E+02
  614    0.20588E+04    0.23702E+02    0.27657E+02
  615    0.20498E+04    0.24006E+02    0.27008E+02
  616    0.20408E+04    0.24310E+02    0.26327E+02
  617    0.20318E+04    0.24613E+02    0.25615E+02
  618    0.20230E+04    0.24915E+02    0.24872E+02
  619    0.20141E+04    0.25216E+02    0.24099E+02
  620    0.20054E+04    0.25517E+02    0.23296E+02
  621    0.19967E+04    0.25815E+02    0.22463E+02
  622    0.19881E+04    0.26113E+02    0.21601E+02
  623    0.19796E+04    0.26409E+02    0.20710E+02
  624    0.19712E+04    0.26704E+02    0.19790E+02
  625    0.19629E+04    0.26997E+02    0.18843E+02
  626    0.19546E+04    0.27288E+02    0.17867E+02
  627    0.19465E+04    0.27577E+02    0.16864E+02
  628    0.19384E+04    0.27864E+02    0.15835E+02
  629    0.19305E+04    0.28149E+02    0.14778E+02
  630    0.19227E+04    0.28432E+02    0.13696E+02
  631    0.19150E+04    0.28712E+02    0.12587E+02
  632    0.19074E+04    0.28990E+02    0.11453E+02
  633    0.18999E+04    0.29265E+02    0.10294E+02
  634    0.18926E+04    0.29537E+02    0.91105E+01
  635    0.18854E+04    0.29807E+02    0.79024E+01
  636    0.18783E+04    0.30073E+02    0.66705E+01
  637    0.18714E+04    0.30336E+02    0.54149E+01
  638    0.18646E+04    0.30596E+02    0.41362E+01
  639    0.18580E+04    0.30852E+02    0.28348E+01
  640    0.18515E+04    0.31105E+02    0.15108E+01
  641    0.18452E+04    0.31354E+02    0.16492E+00
  642    0.18390E+04    0.31599E+02   -0.12027E+01
  643    0.18331E+04    0.31841E+02   -0.25915E+01
  644    0.18272E+04    0.32078E+02   -0.40012E+01
  645    0.18216E+04    0.32312E+02   -0.54315E+01
  646    0.18161E+04    0.32541E+02   -0.68818E+01
  647    0.18108E+04    0.32765E+02   -0.83519E+01
  648    0.18057E+04    0.32985E+02   -0.98414E+01
  649    0.18008E+04    0.33200E+02   -0.11350E+02
  650    0.17961E+04    0.33411E+02   -0.12877E+02
  651    0.17916E+04    0.33617E+02   -0.14422E+02
  652    0.17873E+04    0.33818E+02   -0.15985E+02
  653    0.17831E+04    0.34013E+02   -0.17564E+02
  654    0.17792E+04    0.34204E+02   -0.19159E+02
  655    0.17755E+04    0.34390E+02   -0.20769E+02
  656    0.17720E+04    0.34571E+02   -0.22394E+02
  657    0.17686E+04    0.34746E+02   -0.24032E+02
  658    0.17655E+04    0.34917E+02   -0.25683E+02
  659    0.17625E+04    0.35082E+02   -0.27345E+02
  660    0.17598E+04    0.35242E+02   -0.29019E+02
  661    0.17572E+04    0.35397E+02   -0.30704E+02
  662    0.17549E+04    0.35547E+02   -0.32397E+02
  663    0.17527E+04    0.35691E+02   -0.34100E+02
  664    0.17507E+04    0.35830E+02   -0.35811E+02
  665    0.17490E+04    0.35964E+02   -0.37529E+02
  666    0.17474E+04    0.36093E+02   -0.39253E+02
  667    0.17460E+04    0.36216E+02   -0.40984E+02
  668    0.17448E+04    0.36333E+02   -0.42719E+02
  669    0.17438E+04    0.36445E+02   -0.44458E+02
  670    0.17429E+04    0.36552E+02   -0.46200E+02
  671    0.17423E+04    0.36653E+02   -0.47946E+02
  672    0.17419E+04    0.36749E+02   -0.49693E+02
  673    0.17416E+04    0.36839E+02   -0.51440E+02
  674    0.17415E+04    0.36923E+02   -0.53189E+02
  675    0.17417E+04    0.37002E+02   -0.54936E+02
  676    0.17420E+04    0.37075E+02   -0.56682E+02
  677    0.17425E+04    0.37142E+02   -0.58426E+02
  678    0.17431E+04    0.37204E+02   -0.60167E+02
  679    0.17440E+04    0.37259E+02   -0.61905E+02
  680    0.17451E+04    0.37310E+02   -0.63638E+02
  681    0.17463E+04    0.37354E+02   -0.65366E+02
  682    0.17477E+04    0.37392E+02   -0.67087E+02
  683    0.17493E+04    0.37425E+02   -0.68802E+02
  684    0.17511E+04    0.37451E+02   -0.70509E+02
  685    0.17531E+04    0.37472E+02   -0.72208E+02
  686    0.17553E+04    0.37486E+02   -0.73898E+02
  687    0.17576E+04    0.37495E+02   -0.75577E+02
  688    0.17601E+04    0.37497E+02   -0.77246E+02
  689    0.17628E+04    0.37494E+02   -0.78904E+02
  690    0.17657E+04    0.37484E+02   -0.80549E+02
  691    0.17688E+04    0.37468E+02   -0.82181E+02
  692    0.17721E+04    0.37446E+02   -0.83799E+02
  693    0.17755E+04    0.37418E+02   -0.85402E+02
  694    0.17791E+04    0.37384E+02   -0.86990E+02
  695    0.17829E+04    0.37343E+02   -0.88562E+02
  696    0.17868E+04    0.37296E+02   -0.90117E+02
  697    0.17910E+04    0.37243E+02   -0.91654E+02
  698    0.17953E+04    0.37183E+02   -0.93173E+02
  699    0.17998E+04    0.37117E+02   -0.94672E+02
  700    0.18045E+04    0.37045E+02   -0.96151E+02
  701    0.18093E+04    0.36966E+02   -0.97609E+02
  702    0.18144E+04    0.36881E+02   -0.99045E+02
  703    0.18195E+04    0.36789E+02   -0.10046E+03
  704    0.18249E+04    0.36692E+02   -0.10185E+03
  705    0.18304E+04    0.36588E+02   -0.10322E+03
  706    0.18361E+04    0.36478E+02   -0.10457E+03
  707    0.18419E+04    0.36363E+02   -0.10590E+03
  708    0.18479E+04    0.36242E+02   -0.10720E+03
  709    0.18540E+04    0.36115E+02   -0.10847E+03
  710    0.18603E+04    0.35982E+02   -0.10972E+03
  711    0.18666E+04    0.35844E+02   -0.11095E+03
  712    0.18732E+04    0.35701E+02   -0.11215E+03
  713    0.18798E+04    0.35553E+02   -0.11333E+03
  714    0.18866E+04    0.35399E+02   -0.11448E+03
  715    0.18935E+04    0.35240E+02   -0.11560E+03
  716    0.19005E+04    0.35076E+02   -0.11670E+03
  717    0.19076E+04    0.34908E+02   -0.11777E+03
  718    0.19149E+04    0.34734E+02   -0.11881E+03
  719    0.19222E+04    0.34556E+02   -0.11983E+03
  720    0.19297E+04    0.34374E+02   -0.12081E+03
  721    0.19372E+04    0.34186E+02   -0.12177E+03
  722    0.19448E+04    0.33995E+02   -0.12269E+03
  723    0.19525E+04    0.33799E+02   -0.12359E+03
  724    0.19604E+04    0.33599E+02   -0.12446E+03
  725    0.19682E+04    0.33395E+02   -0.12530E+03
  726    0.19762E+04    0.33187E+02   -0.12610E+03
  727    0.19842E+04    0.32975E+02   -0.12688E+03
  728    0.19923E+04    0.32759E+02   -0.12762E+03
  729    0.20005E+04    0.32540E+02   -0.12833E+03
  730    0.20087E+04    0.32317E+02   -0.12901E+03
  731    0.20170E+04    0.32090E+02   -0.12966E+03
  732    0.20253E+04    0.31860E+02   -0.13027E+03
  733    0.20337E+04    0.31627E+02   -0.13085E+03
  734    0.20421E+04    0.31390E+02   -0.13139E+03
  735    0.20506E+04    0.31151E+02   -0.13190E+03
  736    0.20591E+04    0.30908E+02   -0.13238E+03
  737    0.20676E+04    0.30663E+02   -0.13282E+03
  738    0.20762E+04    0.30415E+02   -0.13323E+03
  739    0.20848E+04    0.30164E+02   -0.13359E+03
  740    0.20934E+04    0.29910E+02   -0.13393E+03
  741    0.21020E+04    0.29654E+02   -0.13422E+03
  742    0.21107E+04    0.29395E+02   -0.13448E+03
  743    0.21193E+04    0.29134E+02   -0.13470E+03
  744    0.21280E+04    0.28871E+02   -0.13489E+03
  745    0.21366E+04    0.28606E+02   -0.13503E+03
  746    0.21453E+04    0.28339E+02   -0.13514E+03
  747    0.21539E+04    0.28070E+02   -0.13520E+03
  748    0.21626E+04    0.27799E+02   -0.13523E+03
  749    0.21712E+04    0.27526E+02   -0.13522E+03
  750    0.21798E+04    0.27252E+02   -0.13516E+03
  751    0.21883E+04    0.26976E+02   -0.13507E+03
  752    0.21969E+04    0.26699E+02   -0.13494E+03
  753    0.22054E+04    0.26420E+02   -0.13476E+03
  754    0.22139E+04    0.26140E+02   -0.13455E+03
  755    0.22223E+04    0.25860E+02   -0.13430E+03
  756    0.22307E+04    0.25578E+02   -0.13400E+03
  757    0.22391E+04    0.25296E+02   -0.13367E+03
  758    0.22474E+04    0.25013E+02   -0.13331E+03
  759    0.22556E+04    0.24730E+02   -0.13290E+03
  760    0.22638E+04    0.24446E+02   -0.13246E+03
  761    0.22720E+04    0.24162E+02   -0.13198E+03
  762    0.22800E+04    0.23878E+02   -0.13146E+03
  763    0.22880E+04    0.23594E+02   -0.13091E+03
  764    0.22960E+04    0.23311E+02   -0.13032E+03
  765    0.23038E+04    0.23027E+02   -0.12970E+03
  766    0.23116E+04    0.22744E+02   -0.12904E+03
  767    0.23193E+04    0.22462E+02   -0.12834E+03
  768    0.23269E+04    0.22180E+02   -0.12762E+03
  769    0.23344E+04    0.21900E+02   -0.12686E+03
  770    0.23418E+04    0.21620E+02   -0.12606E+03
  771    0.23491E+04    0.21341E+02   -0.12523E+03
  772    0.23564E+04    0.21064E+02   -0.12437E+03
  773    0.23635E+04    0.20788E+02   -0.12348E+03
  774    0.23705E+04    0.20514E+02   -0.12256E+03
  775    0.23774E+04    0.20241E+02   -0.12160E+03
  776    0.23841E+04    0.19970E+02   -0.12062E+03
  777    0.23908E+04    0.19701E+02   -0.11960E+03
  778    0.23973E+04    0.19434E+02   -0.11855E+03
  779    0.24037E+04    0.19169E+02   -0.11748E+03
  780    0.24100E+04    0.18907E+02   -0.11637E+03
  781    0.24161E+04    0.18647E+02   -0.11523E+03
  782    0.24221E+04    0.18389E+02   -0.11407E+03
  783    0.24280E+04    0.18135E+02   -0.11288E+03
  784    0.24337E+04    0.17883E+02   -0.11166E+03
  785    0.24392E+04    0.17634E+02   -0.11041E+03
  786    0.24446E+04    0.17388E+02   -0.10913E+03
  787    0.24499E+04    0.17146E+02   -0.10783E+03
  788    0.24550E+04    0.16907E+02   -0.10650E+03
  789    0.24599E+04    0.16671E+02   -0.10515E+03
  790    0.24646E+04    0.16439E+02   -0.10377E+03
  791    0.24692E+04    0.16211E+02   -0.10237E+03
  792    0.24736E+04    0.15987E+02   -0.10094E+03
  793    0.24778E+04    0.15767E+02   -0.99483E+02
  794    0.24818E+04    0.15551E+02   -0.98005E+02
  795    0.24857E+04    0.15340E+02   -0.96504E+02
  796    0.24893E+04    0.15132E+02   -0.94979E+02
  797    0.24928E+04    0.14930E+02   -0.93432E+02
  798    0.24960E+04    0.14732E+02   -0.91862E+02
  799    0.24991E+04    0.14539E+02   -0.90270E+02
  800    0.25019E+04    0.14351E+02   -0.88656E+02
  801    0.25046E+04    0.14168E+02   -0.87021E+02
  802    0.25070E+04    0.13990E+02   -0.85366E+02
  803    0.25092E+04    0.13818E+02   -0.83691E+02
  804    0.25112E+04    0.13650E+02   -0.81996E+02
  805    0.25130E+04    0.13488E+02   -0.80284E+02
  806    0.25146E+04    0.13331E+02   -0.78554E+02
  807    0.25160E+04    0.13180E+02   -0.76807E+02
  808    0.25172E+04    0.13033E+02   -0.75044E+02
  809    0.25181E+04    0.12892E+02   -0.73266E+02
  810    0.25189E+04    0.12757E+02   -0.71473E+02
  811    0.25195E+04    0.12627E+02   -0.69666E+02
  812    0.25198E+04    0.12502E+02   -0.67847E+02
  813    0.25200E+04    0.12383E+02   -0.66015E+02
  814    0.25199E+04    0.12269E+02   -0.64171E+02
  815    0.25197E+04    0.12161E+02   -0.62317E+02
  816    0.25192E+04    0.12058E+02   -0.60452E+02
  817    0.25185E+04    0.11961E+02   -0.58578E+02
  818    0.25177E+04    0.11870E+02   -0.56696E+02
  819    0.25166E+04    0.11784E+02   -0.54805E+02
  820    0.25153E+04    0.11704E+02   -0.52908E+02
  821    0.25138E+04    0.11629E+02   -0.51004E+02
  822    0.25122E+04    0.11561E+02   -0.49094E+02
  823    0.25103E+04    0.11498E+02   -0.47180E+02
  824    0.25082E+04    0.11441E+02   -0.45261E+02
  825    0.25060E+04    0.11389E+02   -0.43339E+02
  826    0.25035E+04    0.11344E+02   -0.41415E+02
  827    0.25008E+04    0.11304E+02   -0.39488E+02
  828    0.24979E+04    0.11270E+02   -0.37561E+02
  829    0.24949E+04    0.11243E+02   -0.35632E+02
  830    0.24916E+04    0.11221E+02   -0.33705E+02
  831    0.24882E+04    0.11205E+02   -0.31778E+02
  832    0.24845E+04    0.11195E+02   -0.29853E+02
  833    0.24807E+04    0.11191E+02   -0.27931E+02
  834    0.24766E+04    0.11194E+02   -0.26012E+02
  835    0.24724E+04    0.11202E+02   -0.24097E+02
  836    0.24679E+04    0.11217E+02   -0.22187E+02
  837    0.24633E+04    0.11237E+02   -0.20282E+02
  838    0.24585E+04    0.11264E+02   -0.18384E+02
  839    0.24535E+04    0.11297E+02   -0.16492E+02
  840    0.24483E+04    0.11337E+02   -0.14609E+02
  841    0.24429E+04    0.11382E+02   -0.12734E+02
  842    0.24373E+04    0.11434E+02   -0.10868E+02
  843    0.24315E+04    0.11493E+02   -0.90123E+01
  844    0.24255E+04    0.11557E+02   -0.71673E+01
  845    0.24194E+04    0.11629E+02   -0.53338E+01
  846    0.24130E+04    0.11706E+02   -0.35125E+01
  847    0.24065E+04    0.11790E+02   -0.17043E+01
  848    0.23998E+04    0.11880E+02    0.90290E-01
  849    0.23928E+04    0.11977E+02    0.18704E+01
  850    0.23857E+04    0.12081E+02    0.36352E+01
  851    0.23785E+04    0.12191E+02    0.53842E+01
  852    0.23710E+04    0.12307E+02    0.71167E+01
  853    0.23633E+04    0.12430E+02    0.88324E+01
  854    0.23555E+04    0.12559E+02    0.10531E+02
  855    0.23475E+04    0.12695E+02    0.12212E+02
  856    0.23393E+04    0.12836E+02    0.13874E+02
  857    0.23310E+04    0.12983E+02    0.15518E+02
  858    0.23225E+04    0.13137E+02    0.17143E+02
  859    0.23138E+04    0.13296E+02    0.18749E+02
  860    0.23050E+04    0.13460E+02    0.20335E+02
  861    0.22960E+04    0.13631E+02    0.21900E+02
  862    0.22869E+04    0.13806E+02    0.23445E+02
  863    0.22776E+04    0.13987E+02    0.24969E+02
  864    0.22682E+04    0.14173E+02    0.26471E+02
  865    0.22586E+04    0.14365E+02    0.27951E+02
  866    0.22489E+04    0.14561E+02    0.29409E+02
  867    0.22391E+04    0.14763E+02    0.30843E+02
  868    0.22292E+04    0.14969E+02    0.32255E+02
  869    0.22191E+04    0.15180E+02    0.33642E+02
  870    0.22089E+04    0.15396E+02    0.35006E+02
  871    0.21985E+04    0.15616E+02    0.36345E+02
  872    0.21881E+04    0.15841E+02    0.37658E+02
  873    0.21775E+04    0.16070E+02    0.38947E+02
  874    0.21669E+04    0.16303E+02    0.40209E+02
  875    0.21561E+04    0.16541E+02    0.41445E+02
  876    0.21452E+04    0.16782E+02    0.42655E+02
  877    0.21342E+04    0.17028E+02    0.43837E+02
  878    0.21232E+04    0.17277E+02    0.44991E+02
  879    0.21120E+04    0.17530E+02    0.46117E+02
  880    0.21008E+04    0.17787E+02    0.47215E+02
  881    0.20894E+04    0.18047E+02    0.48284E+02
  882    0.20780E+04    0.18310E+02    0.49324E+02
  883    0.20665E+04    0.18577E+02    0.50334E+02
  884    0.20549E+04    0.18848E+02    0.51313E+02
  885    0.20432E+04    0.19121E+02    0.52262E+02
  886    0.20315E+04    0.19397E+02    0.53180E+02
  887    0.20197E+04    0.19677E+02    0.54066E+02
  888    0.20079E+04    0.19959E+02    0.54920E+02
  889    0.19960E+04    0.20244E+02    0.55742E+02
  890    0.19840E+04    0.20531E+02    0.56531E+02
  891    0.19720E+04    0.20821E+02    0.57287E+02
  892    0.19599E+04    0.21114E+02    0.58009E+02
  893    0.19478E+04    0.21409E+02    0.58697E+02
  894    0.19356E+04    0.21706E+02    0.59351E+02
  895    0.19234E+04    0.22005E+02    0.59969E+02
  896    0.19112E+04    0.22306E+02    0.60552E+02
  897    0.18989E+04    0.22609E+02    0.61099E+02
  898    0.18866E+04    0.22914E+02    0.61610E+02
  899    0.18743E+04    0.23221E+02    0.62084E+02
  900    0.18619E+04    0.23529E+02    0.62521E+02
  901    0.18496E+04    0.23839E+02    0.62921E+02
  902    0.18372E+04    0.24150E+02    0.63283E+02
  903    0.18248E+04    0.24463E+02    0.63609E+02
  904    0.18124E+04    0.24776E+02    0.63897E+02
  905    0.18000E+04    0.25091E+02    0.64149E+02
  906    0.17876E+04    0.25406E+02    0.64366E+02
  907    0.17752E+04    0.25722E+02    0.64546E+02
  908    0.17627E+04    0.26039E+02    0.64691E+02
  909    0.17503E+04    0.26357E+02    0.64801E+02
  910    0.17379E+04    0.26674E+02    0.64876E+02
  911    0.17256E+04    0.26992E+02    0.64916E+02
  912    0.17132E+04    0.27310E+02    0.64923E+02
  913    0.17008E+04    0.27628E+02    0.64895E+02
  914    0.16885E+04    0.27946E+02    0.64834E+02
  915    0.16762E+04    0.28264E+02    0.64739E+02
  916    0.16639E+04    0.28581E+02    0.64612E+02
  917    0.16517E+04    0.28898E+02    0.64451E+02
  918    0.16395E+04    0.29214E+02    0.64258E+02
  919    0.16273E+04    0.29529E+02    0.64034E+02
  920    0.16152E+04    0.29844E+02    0.63777E+02
  921    0.16031E+04    0.30157E+02    0.63489E+02
  922    0.15911E+04    0.30469E+02    0.63170E+02
  923    0.15791E+04    0.30780E+02    0.62819E+02
  924    0.15672E+04    0.31089E+02    0.62439E+02
  925    0.15553E+04    0.31397E+02    0.62028E+02
  926    0.15435E+04    0.31703E+02    0.61587E+02
  927    0.15318E+04    0.32008E+02    0.61116E+02
  928    0.15201E+04    0.32310E+02    0.60616E+02
  929    0.15085E+04    0.32610E+02    0.60087E+02
  930    0.14969E+04    0.32909E+02    0.59529E+02
  931    0.14855E+04    0.33204E+02    0.58943E+02
  932    0.14741E+04    0.33498E+02    0.58329E+02
  933    0.14628E+04    0.33788E+02    0.57687E+02
  934    0.14516E+04    0.34077E+02    0.57017E+02
  935    0.14405E+04    0.34362E+02    0.56320E+02
  936    0.14294E+04    0.34644E+02    0.55596E+02
  937    0.14185E+04    0.34923E+02    0.54846E+02
  938    0.14077E+04    0.35199E+02    0.54069E+02
  939    0.13969E+04    0.35472E+02    0.53266E+02
  940    0.13863E+04    0.35741E+02    0.52438E+02
  941    0.13758E+04    0.36007E+02    0.51584E+02
  942    0.13654E+04    0.36268E+02    0.50705E+02
  943    0.13551E+04    0.36526E+02    0.49801E+02
  944    0.13449E+04    0.36780E+02    0.48873E+02
  945    0.13349E+04    0.37030E+02    0.47921E+02
  946    0.13250E+04    0.37276E+02    0.46945E+02
  947    0.13152E+04    0.37517E+02    0.45945E+02
  948    0.13055E+04    0.37754E+02    0.44922E+02
  949    0.12960E+04    0.37986E+02    0.43876E+02
  950    0.12866E+04    0.38213E+02    0.42807E+02
  951    0.12773E+04    0.38435E+02    0.41717E+02
  952    0.12682E+04    0.38653E+02    0.40604E+02
  953    0.12592E+04    0.38865E+02    0.39470E+02
  954    0.12504E+04    0.39073E+02    0.38316E+02
  955    0.12417E+04    0.39275E+02    0.37142E+02
  956    0.12332E+04    0.39473E+02    0.35949E+02
  957    0.12248E+04    0.39665E+02    0.34737E+02
  958    0.12165E+04    0.39852E+02    0.33507E+02
  959    0.12084E+04    0.40035E+02    0.32259E+02
  960    0.12004E+04    0.40211E+02    0.30995E+02
  961    0.11926E+04    0.40383E+02    0.29715E+02
  962    0.11849E+04    0.40549E+02    0.28419E+02
  963    0.11774E+04    0.40710E+02    0.27108E+02
  964    0.11700E+04    0.40866E+02    0.25783E+02
  965    0.11627E+04    0.41016E+02    0.24445E+02
  966    0.11556E+04    0.41161E+02    0.23093E+02
  967    0.11486E+04    0.41300E+02    0.21729E+02
  968    0.11418E+04    0.41434E+02    0.20353E+02
  969    0.11351E+04    0.41562E+02    0.18966E+02
  970    0.11286E+04    0.41685E+02    0.17568E+02
  971    0.11222E+04    0.41802E+02    0.16160E+02
  972    0.11160E+04    0.41914E+02    0.14743E+02
  973    0.11099E+04    0.42019E+02    0.13317E+02
  974    0.11040E+04    0.42120E+02    0.11883E+02
  975    0.10982E+04    0.42214E+02    0.10442E+02
  976    0.10925E+04    0.42302E+02    0.89938E+01
  977    0.10870E+04    0.42385E+02    0.75394E+01
  978    0.10817E+04    0.42462E+02    0.60793E+01
  979    0.10765E+04    0.42533E+02    0.46141E+01
  980    0.10714E+04    0.42598E+02    0.31447E+01
  981    0.10665E+04    0.42657E+02    0.16714E+01
  982    0.10618E+04    0.42710E+02    0.19497E+00
  983    0.10572E+04    0.42757E+02   -0.12840E+01
  984    0.10527E+04    0.42798E+02   -0.27648E+01
  985    0.10484E+04    0.42833E+02   -0.42470E+01
  986    0.10443E+04    0.42862E+02   -0.57298E+01
  987    0.10403E+04    0.42884E+02   -0.72127E+01
  988    0.10364E+04    0.42900E+02   -0.86950E+01
  989    0.10327E+04    0.42910E+02   -0.10176E+02
  990    0.10292E+04    0.42914E+02   -0.11655E+02
  991    0.10258E+04    0.42912E+02   -0.13132E+02
  992    0.10225E+04    0.42903E+02   -0.14606E+02
  993    0.10195E+04    0.42887E+02   -0.16076E+02
  994    0.10165E+04    0.42865E+02   -0.17542E+02
  995    0.10137E+04    0.42837E+02   -0.19003E+02
  996    0.10111E+04    0.42802E+02   -0.20459E+02
  997    0.10086E+04    0.42761E+02   -0.21908E+02
  998    0.10063E+04    0.42713E+02   -0.23351E+02
  999    0.10042E+04    0.42659E+02   -0.24786E+02
 1000    0.10021E+04    0.42597E+02   -0.26213E+02
 1001    0.10003E+04    0.42530E+02   -0.27632E+02
 1002    0.99859E+03    0.42455E+02   -0.29042E+02
 1003    0.99704E+03    0.42374E+02   -0.30442E+02
 1004    0.99564E+03    0.42287E+02   -0.31832E+02
 1005    0.99438E+03    0.42193E+02   -0.33213E+02
 1006    0.99327E+03    0.42093E+02   -0.34583E+02
 1007    0.99230E+03    0.41987E+02   -0.35942E+02
 1008    0.99146E+03    0.41875E+02   -0.37289E+02
 1009    0.99077E+03    0.41757E+02   -0.38625E+02
 1010    0.99021E+03    0.41633E+02   -0.39949E+02
 1011    0.98978E+03    0.41503E+02   -0.41261E+02
 1012    0.98948E+03    0.41368E+02   -0.42559E+02
 1013    0.98932E+03    0.41227E+02   -0.43845E+02
 1014    0.98927E+03    0.41080E+02   -0.45116E+02
 1015    0.98935E+03    0.40928E+02   -0.46374E+02
 1016    0.98956E+03    0.40771E+02   -0.47618E+02
 1017    0.98988E+03    0.40608E+02   -0.48846E+02
 1018    0.99031E+03    0.40440E+02   -0.50060E+02
 1019    0.99087E+03    0.40267E+02   -0.51258E+02
 1020    0.99153E+03    0.40089E+02   -0.52440E+02
 1021    0.99231E+03    0.39907E+02   -0.53606E+02
 1022    0.99319E+03    0.39719E+02   -0.54756E+02
 1023    0.99418E+03    0.39527E+02   -0.55888E+02
 1024    0.99528E+03    0.39330E+02   -0.57003E+02
 1025    0.99647E+03    0.39128E+02   -0.58100E+02
 1026    0.99776E+03    0.38923E+02   -0.59178E+02
 1027    0.99916E+03    0.38712E+02   -0.60239E+02
 1028    0.10006E+04    0.38498E+02   -0.61280E+02
 1029    0.10022E+04    0.38279E+02   -0.62302E+02
 1030    0.10039E+04    0.38056E+02   -0.63304E+02
 1031    0.10056E+04    0.37830E+02   -0.64286E+02
 1032    0.10075E+04    0.37599E+02   -0.65248E+02
 1033    0.10094E+04    0.37365E+02   -0.66188E+02
 1034    0.10114E+04    0.37126E+02   -0.67108E+02
 1035    0.10135E+04    0.36885E+02   -0.68006E+02
 1036    0.10157E+04    0.36639E+02   -0.68881E+02
 1037    0.10179E+04    0.36390E+02   -0.69735E+02
 1038    0.10202E+04    0.36138E+02   -0.70565E+02
 1039    0.10226E+04    0.35883E+02   -0.71373E+02
 1040    0.10250E+04    0.35624E+02   -0.72157E+02
 1041    0.10275E+04    0.35362E+02   -0.72917E+02
 1042    0.10301E+04    0.35098E+02   -0.73652E+02
 1043    0.10327E+04    0.34830E+02   -0.74363E+02
 1044    0.10354E+04    0.34559E+02   -0.75049E+02
 1045    0.10382E+04    0.34286E+02   -0.75709E+02
 1046    0.10410E+04    0.34010E+02   -0.76344E+02
 1047    0.10438E+04    0.33732E+02   -0.76952E+02
 1048    0.10467E+04    0.33451E+02   -0.77533E+02
 1049    0.10497E+04    0.33168E+02   -0.78088E+02
 1050    0.10527E+04    0.32882E+02   -0.78615E+02
 1051    0.10557E+04    0.32594E+02   -0.79115E+02
 1052    0.10588E+04    0.32304E+02   -0.79587E+02
 1053    0.10619E+04    0.32013E+02   -0.80031E+02
 1054    0.10651E+04    0.31719E+02   -0.80448E+02
 1055    0.10683E+04    0.31423E+02   -0.80839E+02
 1056    0.10715E+04    0.31126E+02   -0.81202E+02
 1057    0.10748E+04    0.30828E+02   -0.81538E+02
 1058    0.10780E+04    0.30528E+02   -0.81848E+02
 1059    0.10813E+04    0.30227E+02   -0.82132E+02
 1060    0.10847E+04    0.29925E+02   -0.82389E+02
 1061    0.10880E+04    0.29622E+02   -0.82621E+02
 1062    0.10914E+04    0.29317E+02   -0.82826E+02
 1063    0.10947E+04    0.29013E+02   -0.83006E+02
 1064    0.10981E+04    0.28707E+02   -0.83160E+02
 1065    0.11015E+04    0.28401E+02   -0.83289E+02
 1066    0.11049E+04    0.28095E+02   -0.83393E+02
 1067    0.11083E+04    0.27788E+02   -0.83472E+02
 1068    0.11118E+04    0.27481E+02   -0.83526E+02
 1069    0.11152E+04    0.27174E+02   -0.83555E+02
 1070    0.11186E+04    0.26867E+02   -0.83560E+02
 1071    0.11220E+04    0.26560E+02   -0.83541E+02
 1072    0.11254E+04    0.26254E+02   -0.83498E+02
 1073    0.11288E+04    0.25948E+02   -0.83430E+02
 1074    0.11322E+04    0.25642E+02   -0.83339E+02
 1075    0.11356E+04    0.25337E+02   -0.83224E+02
 1076    0.11389E+04    0.25033E+02   -0.83086E+02
 1077    0.11423E+04    0.24730E+02   -0.82924E+02
 1078    0.11456E+04    0.24428E+02   -0.82740E+02
 1079    0.11489E+04    0.24127E+02   -0.82533E+02
 1080    0.11521E+04    0.23827E+02   -0.82302E+02
 1081    0.11554E+04    0.23529E+02   -0.82050E+02
 1082    0.11586E+04    0.23232E+02   -0.81775E+02
 1083    0.11618E+04    0.22937E+02   -0.81477E+02
 1084    0.11649E+04    0.22643E+02   -0.81158E+02
 1085    0.11680E+04    0.22352E+02   -0.80817E+02
 1086    0.11711E+04    0.22062E+02   -0.80454E+02
 1087    0.11741E+04    0.21775E+02   -0.80070E+02
 1088    0.11771E+04    0.21489E+02   -0.79664E+02
 1089    0.11801E+04    0.21206E+02   -0.79237E+02
 1090    0.11830E+04    0.20925E+02   -0.78789E+02
 1091    0.11858E+04    0.20647E+02   -0.78321E+02
 1092    0.11886E+04    0.20372E+02   -0.77832E+02
 1093    0.11913E+04    0.20100E+02   -0.77322E+02
 1094    0.11940E+04    0.19830E+02   -0.76792E+02
 1095    0.11966E+04    0.19563E+02   -0.76242E+02
 1096    0.11992E+04    0.19300E+02   -0.75672E+02
 1097    0.12017E+04    0.19040E+02   -0.75082E+02
 1098    0.12041E+04    0.18783E+02   -0.74472E+02
 1099    0.12065E+04    0.18530E+02   -0.73844E+02
 1100    0.12087E+04    0.18280E+02   -0.73196E+02
 1101    0.12109E+04    0.18035E+02   -0.72529E+02
 1102    0.12131E+04    0.17793E+02   -0.71843E+02
 1103    0.12151E+04    0.17555E+02   -0.71139E+02
 1104    0.12171E+04    0.17320E+02   -0.70418E+02
 1105    0.12190E+04    0.17090E+02   -0.69679E+02
 1106    0.12209E+04    0.16863E+02   -0.68924E+02
 1107    0.12226E+04    0.16641E+02   -0.68153E+02
 1108    0.12243E+04    0.16423E+02   -0.67366E+02
 1109    0.12259E+04    0.16208E+02   -0.66564E+02
 1110    0.12274E+04    0.15998E+02   -0.65747E+02
 1111    0.12289E+04    0.15792E+02   -0.64916E+02
 1112    0.12302E+04    0.15590E+02   -0.64072E+02
 1113    0.12315E+04    0.15393E+02   -0.63214E+02
 1114    0.12327E+04    0.15200E+02   -0.62343E+02
 1115    0.12339E+04    0.15011E+02   -0.61461E+02
 1116    0.12349E+04    0.14826E+02   -0.60566E+02
 1117    0.12359E+04    0.14646E+02   -0.59660E+02
 1118    0.12368E+04    0.14470E+02   -0.58744E+02
 1119    0.12376E+04    0.14299E+02   -0.57817E+02
 1120    0.12383E+04    0.14132E+02   -0.56880E+02
 1121    0.12389E+04    0.13970E+02   -0.55934E+02
 1122    0.12395E+04    0.13812E+02   -0.54979E+02
 1123    0.12400E+04    0.13659E+02   -0.54016E+02
 1124    0.12404E+04    0.13511E+02   -0.53045E+02
 1125    0.12407E+04    0.13367E+02   -0.52066E+02
 1126    0.12409E+04    0.13229E+02   -0.51081E+02
 1127    0.12410E+04    0.13095E+02   -0.50089E+02
 1128    0.12411E+04    0.12965E+02   -0.49092E+02
 1129    0.12411E+04    0.12841E+02   -0.48089E+02
 1130    0.12409E+04    0.12722E+02   -0.47081E+02
 1131    0.12407E+04    0.12607E+02   -0.46068E+02
 1132    0.12404E+04    0.12498E+02   -0.45052E+02
 1133    0.12401E+04    0.12393E+02   -0.44032E+02
 1134    0.12396E+04    0.12294E+02   -0.43009E+02
 1135    0.12390E+04    0.12200E+02   -0.41984E+02
 1136    0.12384E+04    0.12111E+02   -0.40957E+02
 1137    0.12377E+04    0.12027E+02   -0.39928E+02
 1138    0.12368E+04    0.11948E+02   -0.38898E+02
 1139    0.12359E+04    0.11875E+02   -0.37867E+02
 1140    0.12349E+04    0.11807E+02   -0.36837E+02
 1141    0.12338E+04    0.11744E+02   -0.35807E+02
 1142    0.12326E+04    0.11687E+02   -0.34778E+02
 1143    0.12314E+04    0.11635E+02   -0.33750E+02
 1144    0.12300E+04    0.11589E+02   -0.32724E+02
 1145    0.12285E+04    0.11548E+02   -0.31701E+02
 1146    0.12270E+04    0.11513E+02   -0.30680E+02
 1147    0.12253E+04    0.11483E+02   -0.29663E+02
 1148    0.12236E+04    0.11459E+02   -0.28650E+02
 1149    0.12218E+04    0.11441E+02   -0.27641E+02
 1150    0.12198E+04    0.11428E+02   -0.26636E+02
 1151    0.12178E+04    0.11421E+02   -0.25637E+02
 1152    0.12157E+04    0.11420E+02   -0.24644E+02
 1153    0.12135E+04    0.11425E+02   -0.23657E+02
 1154    0.12112E+04    0.11434E+02   -0.22676E+02
 1155    0.12088E+04    0.11450E+02   -0.21701E+02
 1156    0.12063E+04    0.11471E+02   -0.20733E+02
 1157    0.12037E+04    0.11497E+02   -0.19772E+02
 1158    0.12011E+04    0.11528E+02   -0.18819E+02
 1159    0.11984E+04    0.11565E+02   -0.17874E+02
 1160    0.11956E+04    0.11607E+02   -0.16936E+02
 1161    0.11927E+04    0.11654E+02   -0.16007E+02
 1162    0.11897E+04    0.11706E+02   -0.15087E+02
 1163    0.11866E+04    0.11762E+02   -0.14176E+02
 1164    0.11835E+04    0.11824E+02   -0.13274E+02
 1165    0.11803E+04    0.11890E+02   -0.12381E+02
 1166    0.11770E+04    0.11962E+02   -0.11499E+02
 1167    0.11737E+04    0.12037E+02   -0.10627E+02
 1168    0.11703E+04    0.12118E+02   -0.97651E+01
 1169    0.11668E+04    0.12203E+02   -0.89142E+01
 1170    0.11633E+04    0.12292E+02   -0.80745E+01
 1171    0.11597E+04    0.12386E+02   -0.72463E+01
 1172    0.11560E+04    0.12484E+02   -0.64298E+01
 1173    0.11522E+04    0.12586E+02   -0.56254E+01
 1174    0.11484E+04    0.12692E+02   -0.48333E+01
 1175    0.11446E+04    0.12803E+02   -0.40540E+01
 1176    0.11407E+04    0.12918E+02   -0.32877E+01
 1177    0.11367E+04    0.13036E+02   -0.25346E+01
 1178    0.11327E+04    0.13158E+02   -0.17952E+01
 1179    0.11286E+04    0.13285E+02   -0.10697E+01
 1180    0.11244E+04    0.13415E+02   -0.35839E+00
 1181    0.11202E+04    0.13548E+02    0.33836E+00
 1182    0.11160E+04    0.13686E+02    0.10203E+01
 1183    0.11117E+04    0.13827E+02    0.16870E+01
 1184    0.11074E+04    0.13971E+02    0.23383E+01
 1185    0.11030E+04    0.14119E+02    0.29739E+01
 1186    0.10986E+04    0.14270E+02    0.35933E+01
 1187    0.10942E+04    0.14424E+02    0.41964E+01
 1188    0.10897E+04    0.14582E+02    0.47828E+01
 1189    0.10851E+04    0.14742E+02    0.53522E+01
 1190    0.10805E+04    0.14906E+02    0.59043E+01
 1191    0.10759E+04    0.15073E+02    0.64388E+01
 1192    0.10713E+04    0.15242E+02    0.69554E+01
 1193    0.10666E+04    0.15415E+02    0.74537E+01
 1194    0.10619E+04    0.15590E+02    0.79335E+01
 1195    0.10572E+04    0.15768E+02    0.83945E+01
 1196    0.10524E+04    0.15949E+02    0.88363E+01
 1197    0.10476E+04    0.16132E+02    0.92587E+01
 1198    0.10428E+04    0.16318E+02    0.96613E+01
 1199    0.10379E+04    0.16506E+02    0.10044E+02
 1200    0.10331E+04    0.16697E+02    0.10406E+02
 1201    0.10282E+04    0.16890E+02    0.10748E+02
 1202    0.10233E+04    0.17085E+02    0.11069E+02
 1203    0.10184E+04    0.17282E+02    0.11369E+02
 1204    0.10134E+04    0.17481E+02    0.11649E+02
 1205    0.10085E+04    0.17682E+02    0.11909E+02
 1206    0.10035E+04    0.17885E+02    0.12149E+02
 1207    0.99853E+03    0.18090E+02    0.12369E+02
 1208    0.99354E+03    0.18296E+02    0.12569E+02
 1209    0.98854E+03    0.18504E+02    0.12749E+02
 1210    0.98354E+03    0.18713E+02    0.12909E+02
 1211    0.97853E+03    0.18923E+02    0.13050E+02
 1212    0.97352E+03    0.19135E+02    0.13172E+02
 1213    0.96851E+03    0.19347E+02    0.13274E+02
 1214    0.96349E+03    0.19561E+02    0.13357E+02
 1215    0.95848E+03    0.19775E+02    0.13421E+02
 1216    0.95347E+03    0.19991E+02    0.13466E+02
 1217    0.94847E+03    0.20207E+02    0.13493E+02
 1218    0.94347E+03    0.20423E+02    0.13500E+02
 1219    0.93848E+03    0.20640E+02    0.13489E+02
 1220    0.93350E+03    0.20858E+02    0.13459E+02
 1221    0.92853E+03    0.21075E+02    0.13411E+02
 1222    0.92358E+03    0.21293E+02    0.13345E+02
 1223    0.91864E+03    0.21511E+02    0.13261E+02
 1224    0.91371E+03    0.21729E+02    0.13158E+02
 1225    0.90880E+03    0.21947E+02    0.13038E+02
 1226    0.90391E+03    0.22164E+02    0.12899E+02
 1227    0.89904E+03    0.22381E+02    0.12743E+02
 1228    0.89420E+03    0.22598E+02    0.12570E+02
 1229    0.88938E+03    0.22814E+02    0.12379E+02
 1230    0.88458E+03    0.23030E+02    0.12171E+02
 1231    0.87981E+03    0.23245E+02    0.11945E+02
 1232    0.87507E+03    0.23459E+02    0.11702E+02
 1233    0.87036E+03    0.23672E+02    0.11443E+02
 1234    0.86568E+03    0.23884E+02    0.11166E+02
 1235    0.86104E+03    0.24094E+02    0.10873E+02
 1236    0.85643E+03    0.24304E+02    0.10563E+02
 1237    0.85186E+03    0.24512E+02    0.10236E+02
 1238    0.84733E+03    0.24719E+02    0.98930E+01
 1239    0.84283E+03    0.24924E+02    0.95337E+01
 1240    0.83838E+03    0.25128E+02    0.91582E+01
 1241    0.83397E+03    0.25330E+02    0.87666E+01
 1242    0.82961E+03    0.25529E+02    0.83590E+01
 1243    0.82529E+03    0.25727E+02    0.79356E+01
 1244    0.82102E+03    0.25923E+02    0.74964E+01
 1245    0.81680E+03    0.26117E+02    0.70416E+01
 1246    0.81264E+03    0.26309E+02    0.65713E+01
 1247    0.80852E+03    0.26498E+02    0.60856E+01
 1248    0.80446E+03    0.26684E+02    0.55847E+01
 1249    0.80046E+03    0.26868E+02    0.50685E+01
 1250    0.79651E+03    0.27050E+02    0.45373E+01
 1251    0.79262E+03    0.27228E+02    0.39912E+01
 1252    0.78880E+03    0.27404E+02    0.34306E+01
 1253    0.78503E+03    0.27577E+02    0.28558E+01
 1254    0.78132E+03    0.27747E+02    0.22672E+01
 1255    0.77767E+03    0.27915E+02    0.16651E+01
 1256    0.77409E+03    0.28079E+02    0.10500E+01
 1257    0.77056E+03    0.28240E+02    0.42227E+00
 1258    0.76710E+03    0.28398E+02   -0.21776E+00
 1259    0.76370E+03    0.28553E+02   -0.86971E+00
 1260    0.76036E+03    0.28705E+02   -0.15332E+01
 1261    0.75708E+03    0.28853E+02   -0.22078E+01
 1262    0.75387E+03    0.28999E+02   -0.28932E+01
 1263    0.75072E+03    0.29141E+02   -0.35890E+01
 1264    0.74763E+03    0.29280E+02   -0.42948E+01
 1265    0.74460E+03    0.29416E+02   -0.50102E+01
 1266    0.74164E+03    0.29548E+02   -0.57350E+01
 1267    0.73875E+03    0.29677E+02   -0.64685E+01
 1268    0.73592E+03    0.29802E+02   -0.72106E+01
 1269    0.73315E+03    0.29924E+02   -0.79608E+01
 1270    0.73045E+03    0.30042E+02   -0.87188E+01
 1271    0.72781E+03    0.30157E+02   -0.94841E+01
 1272    0.72524E+03    0.30268E+02   -0.10256E+02
 1273    0.72273E+03    0.30375E+02   -0.11035E+02
 1274    0.72029E+03    0.30479E+02   -0.11820E+02
 1275    0.71792E+03    0.30579E+02   -0.12611E+02
 1276    0.71562E+03    0.30675E+02   -0.13408E+02
 1277    0.71338E+03    0.30767E+02   -0.14210E+02
 1278    0.71121E+03    0.30856E+02   -0.15016E+02
 1279    0.70910E+03    0.30940E+02   -0.15826E+02
 1280    0.70707E+03    0.31021E+02   -0.16641E+02
 1281    0.70510E+03    0.31097E+02   -0.17459E+02
 1282    0.70320E+03    0.31170E+02   -0.18281E+02
 1283    0.70138E+03    0.31239E+02   -0.19105E+02
 1284    0.69962E+03    0.31303E+02   -0.19931E+02
 1285    0.69793E+03    0.31363E+02   -0.20760E+02
 1286    0.69631E+03    0.31419E+02   -0.21591E+02
 1287    0.69476E+03    0.31471E+02   -0.22422E+02
 1288    0.69328E+03    0.31519E+02   -0.23255E+02
 1289    0.69187E+03    0.31562E+02   -0.24088E+02
 1290    0.69053E+03    0.31601E+02   -0.24922E+02
 1291    0.68927E+03    0.31636E+02   -0.25755E+02
 1292    0.68807E+03    0.31666E+02   -0.26587E+02
 1293    0.68695E+03    0.31691E+02   -0.27419E+02
 1294    0.68590E+03    0.31713E+02   -0.28249E+02
 1295    0.68492E+03    0.31729E+02   -0.29078E+02
 1296    0.68402E+03    0.31741E+02   -0.29904E+02
 1297    0.68318E+03    0.31749E+02   -0.30728E+02
 1298    0.68243E+03    0.31751E+02   -0.31550E+02
 1299    0.68174E+03    0.31749E+02   -0.32368E+02
 1300    0.68113E+03    0.31742E+02   -0.33182E+02
 1301    0.68060E+03    0.31731E+02   -0.33992E+02
 1302    0.68013E+03    0.31715E+02   -0.34798E+02
 1303    0.67974E+03    0.31694E+02   -0.35600E+02
 1304    0.67942E+03    0.31668E+02   -0.36397E+02
 1305    0.67918E+03    0.31638E+02   -0.37189E+02
 1306    0.67899E+03    0.31603E+02   -0.37976E+02
 1307    0.67888E+03    0.31564E+02   -0.38757E+02
 1308    0.67884E+03    0.31520E+02   -0.39532E+02
 1309    0.67886E+03    0.31472E+02   -0.40302E+02
 1310    0.67894E+03    0.31420E+02   -0.41065E+02
 1311    0.67909E+03    0.31363E+02   -0.41822E+02
 1312    0.67930E+03    0.31302E+02   -0.42572E+02
 1313    0.67957E+03    0.31238E+02   -0.43315E+02
 1314    0.67990E+03    0.31168E+02   -0.44050E+02
 1315    0.68029E+03    0.31095E+02   -0.44779E+02
 1316    0.68074E+03    0.31018E+02   -0.45499E+02
 1317    0.68124E+03    0.30937E+02   -0.46211E+02
 1318    0.68180E+03    0.30852E+02   -0.46916E+02
 1319    0.68242E+03    0.30763E+02   -0.47611E+02
 1320    0.68308E+03    0.30671E+02   -0.48298E+02
 1321    0.68380E+03    0.30574E+02   -0.48976E+02
 1322    0.68458E+03    0.30474E+02   -0.49645E+02
 1323    0.68540E+03    0.30370E+02   -0.50304E+02
 1324    0.68627E+03    0.30263E+02   -0.50954E+02
 1325    0.68719E+03    0.30152E+02   -0.51593E+02
 1326    0.68815E+03    0.30038E+02   -0.52223E+02
 1327    0.68917E+03    0.29920E+02   -0.52841E+02
 1328    0.69022E+03    0.29799E+02   -0.53449E+02
 1329    0.69132E+03    0.29674E+02   -0.54046E+02
 1330    0.69246E+03    0.29547E+02   -0.54632E+02
 1331    0.69365E+03    0.29416E+02   -0.55206E+02
 1332    0.69487E+03    0.29282E+02   -0.55769E+02
 1333    0.69613E+03    0.29145E+02   -0.56319E+02
 1334    0.69743E+03    0.29004E+02   -0.56857E+02
 1335    0.69877E+03    0.28861E+02   -0.57383E+02
 1336    0.70014E+03    0.28715E+02   -0.57896E+02
 1337    0.70155E+03    0.28566E+02   -0.58396E+02
 1338    0.70299E+03    0.28414E+02   -0.58882E+02
 1339    0.70447E+03    0.28259E+02   -0.59355E+02
 1340    0.70597E+03    0.28101E+02   -0.59815E+02
 1341    0.70751E+03    0.27941E+02   -0.60260E+02
 1342    0.70907E+03    0.27778E+02   -0.60691E+02
 1343    0.71067E+03    0.27613E+02   -0.61108E+02
 1344    0.71229E+03    0.27445E+02   -0.61509E+02
 1345    0.71393E+03    0.27274E+02   -0.61896E+02
 1346    0.71560E+03    0.27101E+02   -0.62268E+02
 1347    0.71730E+03    0.26926E+02   -0.62623E+02
 1348    0.71902E+03    0.26748E+02   -0.62964E+02
 1349    0.72075E+03    0.26569E+02   -0.63288E+02
 1350    0.72251E+03    0.26386E+02   -0.63596E+02
 1351    0.72429E+03    0.26202E+02   -0.63887E+02
 1352    0.72609E+03    0.26016E+02   -0.64162E+02
 1353    0.72790E+03    0.25827E+02   -0.64421E+02
 1354    0.72973E+03    0.25637E+02   -0.64663E+02
 1355    0.73157E+03    0.25445E+02   -0.64889E+02
 1356    0.73343E+03    0.25251E+02   -0.65098E+02
 1357    0.73530E+03    0.25055E+02   -0.65291E+02
 1358    0.73718E+03    0.24858E+02   -0.65468E+02
 1359    0.73907E+03    0.24659E+02   -0.65629E+02
 1360    0.74096E+03    0.24459E+02   -0.65774E+02
 1361    0.74287E+03    0.24258E+02   -0.65903E+02
 1362    0.74478E+03    0.24055E+02   -0.66016E+02
 1363    0.74669E+03    0.23851E+02   -0.66113E+02
 1364    0.74861E+03    0.23645E+02   -0.66194E+02
 1365    0.75053E+03    0.23439E+02   -0.66259E+02
 1366    0.75245E+03    0.23232E+02   -0.66308E+02
 1367    0.75437E+03    0.23023E+02   -0.66341E+02
 1368    0.75629E+03    0.22814E+02   -0.66359E+02
 1369    0.75821E+03    0.22605E+02   -0.66361E+02
 1370    0.76013E+03    0.22394E+02   -0.66348E+02
 1371    0.76203E+03    0.22183E+02   -0.66319E+02
 1372    0.76394E+03    0.21972E+02   -0.66274E+02
 1373    0.76583E+03    0.21760E+02   -0.66214E+02
 1374    0.76772E+03    0.21547E+02   -0.66139E+02
 1375    0.76960E+03    0.21335E+02   -0.66048E+02
 1376    0.77146E+03    0.21122E+02   -0.65942E+02
 1377    0.77332E+03    0.20909E+02   -0.65820E+02
 1378    0.77516E+03    0.20696E+02   -0.65684E+02
 1379    0.77698E+03    0.20483E+02   -0.65532E+02
 1380    0.77879E+03    0.20270E+02   -0.65365E+02
 1381    0.78058E+03    0.20057E+02   -0.65182E+02
 1382    0.78236E+03    0.19845E+02   -0.64985E+02
 1383    0.78411E+03    0.19633E+02   -0.64773E+02
 1384    0.78585E+03    0.19422E+02   -0.64546E+02
 1385    0.78756E+03    0.19210E+02   -0.64304E+02
 1386    0.78925E+03    0.19000E+02   -0.64047E+02
 1387    0.79091E+03    0.18790E+02   -0.63775E+02
 1388    0.79255E+03    0.18581E+02   -0.63489E+02
 1389    0.79416E+03    0.18373E+02   -0.63188E+02
 1390    0.79575E+03    0.18166E+02   -0.62872E+02
 1391    0.79730E+03    0.17959E+02   -0.62541E+02
 1392    0.79883E+03    0.17754E+02   -0.62196E+02
 1393    0.80032E+03    0.17550E+02   -0.61837E+02
 1394    0.80178E+03    0.17347E+02   -0.61463E+02
 1395    0.80321E+03    0.17146E+02   -0.61074E+02
 1396    0.80460E+03    0.16946E+02   -0.60671E+02
 1397    0.80595E+03    0.16747E+02   -0.60254E+02
 1398    0.80727E+03    0.16550E+02   -0.59823E+02
 1399    0.80855E+03    0.16354E+02   -0.59377E+02
 1400    0.80979E+03    0.16160E+02   -0.58917E+02
 1401    0.81098E+03    0.15968E+02   -0.58443E+02
 1402    0.81214E+03    0.15778E+02   -0.57955E+02
 1403    0.81325E+03    0.15589E+02   -0.57454E+02
 1404    0.81432E+03    0.15403E+02   -0.56940E+02
 1405    0.81535E+03    0.15218E+02   -0.56413E+02
 1406    0.81633E+03    0.15036E+02   -0.55874E+02
 1407    0.81727E+03    0.14856E+02   -0.55323E+02
 1408    0.81816E+03    0.14678E+02   -0.54761E+02
 1409    0.81901E+03    0.14502E+02   -0.54187E+02
 1410    0.81981E+03    0.14328E+02   -0.53602E+02
 1411    0.82057E+03    0.14156E+02   -0.53008E+02
 1412    0.82128E+03    0.13987E+02   -0.52403E+02
 1413    0.82195E+03    0.13821E+02   -0.51788E+02
 1414    0.82256E+03    0.13656E+02   -0.51164E+02
 1415    0.82313E+03    0.13495E+02   -0.50531E+02
 1416    0.82365E+03    0.13336E+02   -0.49890E+02
 1417    0.82412E+03    0.13179E+02   -0.49240E+02
 1418    0.82454E+03    0.13025E+02   -0.48583E+02
 1419    0.82492E+03    0.12874E+02   -0.47918E+02
 1420    0.82524E+03    0.12726E+02   -0.47246E+02
 1421    0.82551E+03    0.12581E+02   -0.46567E+02
 1422    0.82573E+03    0.12438E+02   -0.45882E+02
 1423    0.82589E+03    0.12298E+02   -0.45191E+02
 1424    0.82601E+03    0.12162E+02   -0.44495E+02
 1425    0.82607E+03    0.12028E+02   -0.43793E+02
 1426    0.82608E+03    0.11898E+02   -0.43087E+02
 1427    0.82604E+03    0.11770E+02   -0.42376E+02
 1428    0.82594E+03    0.11646E+02   -0.41660E+02
 1429    0.82579E+03    0.11525E+02   -0.40942E+02
 1430    0.82558E+03    0.11408E+02   -0.40220E+02
 1431    0.82532E+03    0.11293E+02   -0.39494E+02
 1432    0.82500E+03    0.11182E+02   -0.38767E+02
 1433    0.82462E+03    0.11075E+02   -0.38037E+02
 1434    0.82419E+03    0.10971E+02   -0.37305E+02
 1435    0.82370E+03    0.10871E+02   -0.36572E+02
 1436    0.82315E+03    0.10774E+02   -0.35837E+02
 1437    0.82254E+03    0.10682E+02   -0.35102E+02
 1438    0.82188E+03    0.10592E+02   -0.34367E+02
 1439    0.82115E+03    0.10507E+02   -0.33631E+02
 1440    0.82037E+03    0.10425E+02   -0.32896E+02
 1441    0.81952E+03    0.10348E+02   -0.32162E+02
 1442    0.81862E+03    0.10274E+02   -0.31428E+02
 1443    0.81765E+03    0.10204E+02   -0.30697E+02
 1444    0.81662E+03    0.10139E+02   -0.29967E+02
 1445    0.81553E+03    0.10077E+02   -0.29239E+02
 1446    0.81438E+03    0.10019E+02   -0.28514E+02
 1447    0.81316E+03    0.99663E+01   -0.27792E+02
 1448    0.81188E+03    0.99173E+01   -0.27073E+02
 1449    0.81054E+03    0.98727E+01   -0.26358E+02
 1450    0.80913E+03    0.98324E+01   -0.25647E+02
 1451    0.80765E+03    0.97965E+01   -0.24941E+02
 1452    0.80612E+03    0.97650E+01   -0.24239E+02
 1453    0.80452E+03    0.97377E+01   -0.23541E+02
 1454    0.80286E+03    0.97145E+01   -0.22847E+02
 1455    0.80113E+03    0.96954E+01   -0.22158E+02
 1456    0.79936E+03    0.96803E+01   -0.21472E+02
 1457    0.79752E+03    0.96691E+01   -0.20791E+02
 1458    0.79563E+03    0.96617E+01   -0.20113E+02
 1459    0.79368E+03    0.96580E+01   -0.19439E+02
 1460    0.79168E+03    0.96580E+01   -0.18769E+02
 1461    0.78963E+03    0.96614E+01   -0.18102E+02
 1462    0.78753E+03    0.96684E+01   -0.17439E+02
 1463    0.78537E+03    0.96786E+01   -0.16779E+02
 1464    0.78317E+03    0.96922E+01   -0.16123E+02
 1465    0.78093E+03    0.97089E+01   -0.15470E+02
 1466    0.77863E+03    0.97287E+01   -0.14820E+02
 1467    0.77630E+03    0.97516E+01   -0.14172E+02
 1468    0.77392E+03    0.97773E+01   -0.13528E+02
 1469    0.77149E+03    0.98059E+01   -0.12887E+02
 1470    0.76903E+03    0.98372E+01   -0.12249E+02
 1471    0.76653E+03    0.98712E+01   -0.11613E+02
 1472    0.76399E+03    0.99077E+01   -0.10980E+02
 1473    0.76142E+03    0.99468E+01   -0.10349E+02
 1474    0.75881E+03    0.99882E+01   -0.97205E+01
 1475    0.75616E+03    0.10032E+02   -0.90945E+01
 1476    0.75349E+03    0.10078E+02   -0.84708E+01
 1477    0.75078E+03    0.10126E+02   -0.78492E+01
 1478    0.74804E+03    0.10176E+02   -0.72297E+01
 1479    0.74528E+03    0.10228E+02   -0.66121E+01
 1480    0.74248E+03    0.10282E+02   -0.59964E+01
 1481    0.73966E+03    0.10337E+02   -0.53826E+01
 1482    0.73682E+03    0.10395E+02   -0.47704E+01
 1483    0.73395E+03    0.10454E+02   -0.41598E+01
 1484    0.73106E+03    0.10514E+02   -0.35507E+01
 1485    0.72815E+03    0.10576E+02   -0.29431E+01
 1486    0.72522E+03    0.10639E+02   -0.23368E+01
 1487    0.72227E+03    0.10703E+02   -0.17317E+01
 1488    0.71931E+03    0.10769E+02   -0.11279E+01
 1489    0.71633E+03    0.10836E+02   -0.52507E+00
 1490    0.71333E+03    0.10903E+02    0.76747E-01
 1491    0.71033E+03    0.10972E+02    0.67767E+00
 1492    0.70731E+03    0.11041E+02    0.12778E+01
 1493    0.70428E+03    0.11111E+02    0.18772E+01
 1494    0.70124E+03    0.11181E+02    0.24760E+01
 1495    0.69819E+03    0.11252E+02    0.30742E+01
 1496    0.69514E+03    0.11324E+02    0.36720E+01
 1497    0.69208E+03    0.11396E+02    0.42694E+01
 1498    0.68902E+03    0.11468E+02    0.48666E+01
 1499    0.68595E+03    0.11540E+02    0.54636E+01
 1500    0.68288E+03    0.11613E+02    0.60605E+01
