    2    0.11577E+04    0.49627E-01    0.31665E+01
    3    0.10775E+04    0.86049E-01    0.42311E+01
    4    0.10031E+04    0.10068E+00    0.45200E+01
    5    0.94756E+03    0.91186E-01    0.41817E+01
    6    0.90421E+03    0.69952E-01    0.34558E+01
    7    0.87361E+03    0.51591E-01    0.26114E+01
    8    0.85498E+03    0.43040E-01    0.18568E+01
    9    0.84003E+03    0.42583E-01    0.12902E+01
   10    0.83386E+03    0.45073E-01    0.92436E+00
   11    0.83137E+03    0.46343E-01    0.72296E+00
   12    0.83144E+03    0.48754E-01    0.65325E+00
   13    0.83470E+03    0.55244E-01    0.68534E+00
   14    0.84063E+03    0.64477E-01    0.78762E+00
   15    0.84840E+03    0.74049E-01    0.92805E+00
   16    0.85730E+03    0.82278E-01    0.10791E+01
   17    0.86712E+03    0.90368E-01    0.12312E+01
   18    0.87775E+03    0.10024E+00    0.13794E+01
   19    0.88908E+03    0.11383E+00    0.15187E+01
   20    0.90103E+03    0.13306E+00    0.16439E+01
   21    0.91349E+03    0.15921E+00    0.17511E+01
   22    0.92642E+03    0.19100E+00    0.18405E+01
   23    0.93982E+03    0.22654E+00    0.19135E+01
   24    0.95364E+03    0.26391E+00    0.19714E+01
   25    0.96786E+03    0.30119E+00    0.20153E+01
   26    0.98247E+03    0.33647E+00    0.20467E+01
   27    0.99742E+03    0.36785E+00    0.20667E+01
   28    0.10127E+04    0.39341E+00    0.20768E+01
   29    0.10283E+04    0.41123E+00    0.20781E+01
   30    0.10442E+04    0.41942E+00    0.20721E+01
   31    0.10603E+04    0.41676E+00    0.20596E+01
   32    0.10766E+04    0.40494E+00    0.20405E+01
   33    0.10932E+04    0.38634E+00    0.20145E+01
   34    0.11101E+04    0.36334E+00    0.19811E+01
   35    0.11271E+04    0.33834E+00    0.19399E+01
   36    0.11444E+04    0.31372E+00    0.18905E+01
   37    0.11618E+04    0.29188E+00    0.18324E+01
   38    0.11795E+04    0.27519E+00    0.17653E+01
   39    0.11973E+04    0.26605E+00    0.16887E+01
   40    0.12153E+04    0.26684E+00    0.16022E+01
   41    0.12335E+04    0.27932E+00    0.15055E+01
   42    0.12519E+04    0.30269E+00    0.13988E+01
   43    0.12704E+04    0.33554E+00    0.12824E+01
   44    0.12891E+04    0.37644E+00    0.11564E+01
   45    0.13080E+04    0.42397E+00    0.10214E+01
   46    0.13271E+04    0.47670E+00    0.87739E+00
   47    0.13464E+04    0.53320E+00    0.72482E+00
   48    0.13658E+04    0.59207E+00    0.56392E+00
   49    0.13855E+04    0.65187E+00    0.39498E+00
   50    0.14054E+04    0.71118E+00    0.21829E+00
   51    0.14255E+04    0.76860E+00    0.33947E-01
   52    0.14458E+04    0.82288E+00   -0.15870E+00
   53    0.14663E+04    0.87279E+00   -0.36047E+00
   54    0.14870E+04    0.91709E+00   -0.57220E+00
   55    0.15079E+04    0.95456E+00   -0.79472E+00
   56    0.15290E+04    0.98396E+00   -0.10289E+01
   57    0.15504E+04    0.10041E+01   -0.12754E+01
   58    0.15719E+04    0.10136E+01   -0.15353E+01
   59    0.15937E+04    0.10115E+01   -0.18093E+01
   60    0.16157E+04    0.99629E+00   -0.20982E+01
   61    0.16379E+04    0.96755E+00   -0.24027E+01
   62    0.16603E+04    0.92716E+00   -0.27225E+01
   63    0.16829E+04    0.87773E+00   -0.30575E+01
   64    0.17058E+04    0.82182E+00   -0.34072E+01
   65    0.17289E+04    0.76202E+00   -0.37713E+01
   66    0.17522E+04    0.70091E+00   -0.41495E+01
   67    0.17757E+04    0.64107E+00   -0.45413E+01
   68    0.17995E+04    0.58509E+00   -0.49466E+01
   69    0.18236E+04    0.53554E+00   -0.53648E+01
   70    0.18478E+04    0.49500E+00   -0.57957E+01
   71    0.18724E+04    0.46547E+00   -0.62389E+01
   72    0.18971E+04    0.44655E+00   -0.66941E+01
   73    0.19221E+04    0.43724E+00   -0.71610E+01
   74    0.19474E+04    0.43655E+00   -0.76391E+01
   75    0.19729E+04    0.44349E+00   -0.81282E+01
   76    0.19987E+04    0.45707E+00   -0.86279E+01
   77    0.20248E+04    0.47629E+00   -0.91378E+01
   78    0.20511E+04    0.50017E+00   -0.96577E+01
   79    0.20776E+04    0.52771E+00   -0.10187E+02
   80    0.21045E+04    0.55791E+00   -0.10726E+02
   81    0.21316E+04    0.58987E+00   -0.11273E+02
   82    0.21589E+04    0.62294E+00   -0.11829E+02
   83    0.21866E+04    0.65655E+00   -0.12392E+02
   84    0.22145E+04    0.69015E+00   -0.12962E+02
   85    0.22426E+04    0.72318E+00   -0.13539E+02
   86    0.22710E+04    0.75506E+00   -0.14121E+02
   87    0.22997E+04    0.78523E+00   -0.14708E+02
   88    0.23286E+04    0.81313E+00   -0.15300E+02
   89    0.23577E+04    0.83820E+00   -0.15895E+02
   90    0.23871E+04    0.85987E+00   -0.16493E+02
   91    0.24167E+04    0.87772E+00   -0.17094E+02
   92    0.24465E+04    0.89191E+00   -0.17697E+02
   93    0.24766E+04    0.90273E+00   -0.18301E+02
   94    0.25069E+04    0.91049E+00   -0.18908E+02
   95    0.25374E+04    0.91549E+00   -0.19515E+02
   96    0.25682E+04    0.91802E+00   -0.20124E+02
   97    0.25991E+04    0.91839E+00   -0.20733E+02
   98    0.26303E+04    0.91690E+00   -0.21343E+02
   99    0.26617E+04    0.91384E+00   -0.21953E+02
  100    0.26933E+04    0.90951E+00   -0.22563E+02
  101    0.27251E+04    0.90422E+00   -0.23172E+02
  102    0.27571E+04    0.89826E+00   -0.23781E+02
  103    0.27892E+04    0.89193E+00   -0.24389E+02
  104    0.28216E+04    0.88554E+00   -0.24995E+02
  105    0.28542E+04    0.87938E+00   -0.25600E+02
  106    0.28869E+04    0.87375E+00   -0.26203E+02
  107    0.29198E+04    0.86895E+00   -0.26804E+02
  108    0.29529E+04    0.86529E+00   -0.27403E+02
  109    0.29862E+04    0.86305E+00   -0.27999E+02
  110    0.30196E+04    0.86255E+00   -0.28592E+02
  111    0.30532E+04    0.86399E+00   -0.29181E+02
  112    0.30870E+04    0.86730E+00   -0.29767E+02
  113    0.31209E+04    0.87230E+00   -0.30349E+02
  114    0.31550E+04    0.87881E+00   -0.30926E+02
  115    0.31891E+04    0.88667E+00   -0.31497E+02
  116    0.32234E+04    0.89571E+00   -0.32063E+02
  117    0.32579E+04    0.90576E+00   -0.32623E+02
  118    0.32924E+04    0.91663E+00   -0.33175E+02
  119    0.33270E+04    0.92818E+00   -0.33720E+02
  120    0.33618E+04    0.94021E+00   -0.34258E+02
  121    0.33966E+04    0.95257E+00   -0.34787E+02
  122    0.34315E+04    0.96508E+00   -0.35307E+02
  123    0.34664E+04    0.97758E+00   -0.35818E+02
  124    0.35014E+04    0.98988E+00   -0.36318E+02
  125    0.35365E+04    0.10018E+01   -0.36809E+02
  126    0.35716E+04    0.10132E+01   -0.37288E+02
  127    0.36068E+04    0.10239E+01   -0.37756E+02
  128    0.36419E+04    0.10338E+01   -0.38212E+02
  129    0.36771E+04    0.10426E+01   -0.38656E+02
  130    0.37123E+04    0.10502E+01   -0.39086E+02
  131    0.37475E+04    0.10564E+01   -0.39503E+02
  132    0.37827E+04    0.10613E+01   -0.39906E+02
  133    0.38179E+04    0.10650E+01   -0.40294E+02
  134    0.38531E+04    0.10675E+01   -0.40667E+02
  135    0.38882E+04    0.10688E+01   -0.41023E+02
  136    0.39232E+04    0.10691E+01   -0.41363E+02
  137    0.39582E+04    0.10684E+01   -0.41686E+02
  138    0.39932E+04    0.10668E+01   -0.41991E+02
  139    0.40280E+04    0.10644E+01   -0.42278E+02
  140    0.40627E+04    0.10611E+01   -0.42545E+02
  141    0.40974E+04    0.10571E+01   -0.42793E+02
  142    0.41319E+04    0.10525E+01   -0.43020E+02
  143    0.41662E+04    0.10472E+01   -0.43226E+02
  144    0.42005E+04    0.10415E+01   -0.43411E+02
  145    0.42346E+04    0.10352E+01   -0.43573E+02
  146    0.42685E+04    0.10286E+01   -0.43713E+02
  147    0.43022E+04    0.10216E+01   -0.43829E+02
  148    0.43358E+04    0.10144E+01   -0.43921E+02
  149    0.43691E+04    0.10070E+01   -0.43988E+02
  150    0.44022E+04    0.99942E+00   -0.44030E+02
  151    0.44352E+04    0.99178E+00   -0.44046E+02
  152    0.44678E+04    0.98408E+00   -0.44036E+02
  153    0.45003E+04    0.97630E+00   -0.44000E+02
  154    0.45325E+04    0.96845E+00   -0.43938E+02
  155    0.45645E+04    0.96052E+00   -0.43850E+02
  156    0.45961E+04    0.95252E+00   -0.43735E+02
  157    0.46276E+04    0.94445E+00   -0.43594E+02
  158    0.46587E+04    0.93629E+00   -0.43427E+02
  159    0.46896E+04    0.92805E+00   -0.43233E+02
  160    0.47201E+04    0.91973E+00   -0.43013E+02
  161    0.47504E+04    0.91133E+00   -0.42766E+02
  162    0.47803E+04    0.90284E+00   -0.42492E+02
  163    0.48099E+04    0.89426E+00   -0.42192E+02
  164    0.48392E+04    0.88560E+00   -0.41865E+02
  165    0.48682E+04    0.87684E+00   -0.41511E+02
  166    0.48968E+04    0.86799E+00   -0.41131E+02
  167    0.49251E+04    0.85905E+00   -0.40723E+02
  168    0.49530E+04    0.85001E+00   -0.40288E+02
  169    0.49805E+04    0.84088E+00   -0.39827E+02
  170    0.50077E+04    0.83165E+00   -0.39338E+02
  171    0.50344E+04    0.82231E+00   -0.38822E+02
  172    0.50608E+04    0.81288E+00   -0.38279E+02
  173    0.50868E+04    0.80334E+00   -0.37708E+02
  174    0.51124E+04    0.79369E+00   -0.37111E+02
  175    0.51375E+04    0.78394E+00   -0.36485E+02
  176    0.51623E+04    0.77409E+00   -0.35833E+02
  177    0.51865E+04    0.76417E+00   -0.35153E+02
  178    0.52104E+04    0.75422E+00   -0.34446E+02
  179    0.52338E+04    0.74428E+00   -0.33712E+02
  180    0.52568E+04    0.73439E+00   -0.32951E+02
  181    0.52792E+04    0.72459E+00   -0.32164E+02
  182    0.53013E+04    0.71492E+00   -0.31351E+02
  183    0.53228E+04    0.70542E+00   -0.30511E+02
  184    0.53439E+04    0.69614E+00   -0.29646E+02
  185    0.53644E+04    0.68710E+00   -0.28755E+02
  186    0.53845E+04    0.67834E+00   -0.27839E+02
  187    0.54040E+04    0.66992E+00   -0.26897E+02
  188    0.54231E+04    0.66187E+00   -0.25931E+02
  189    0.54416E+04    0.65422E+00   -0.24940E+02
  190    0.54596E+04    0.64703E+00   -0.23924E+02
  191    0.54771E+04    0.64032E+00   -0.22883E+02
  192    0.54940E+04    0.63414E+00   -0.21819E+02
  193    0.55103E+04    0.62852E+00   -0.20730E+02
  194    0.55261E+04    0.62351E+00   -0.19618E+02
  195    0.55414E+04    0.61915E+00   -0.18482E+02
  196    0.55560E+04    0.61548E+00   -0.17323E+02
  197    0.55701E+04    0.61253E+00   -0.16140E+02
  198    0.55836E+04    0.61035E+00   -0.14935E+02
  199    0.55965E+04    0.60897E+00   -0.13706E+02
  200    0.56088E+04    0.60844E+00   -0.12456E+02
  201    0.56204E+04    0.60880E+00   -0.11183E+02
  202    0.56315E+04    0.61006E+00   -0.98878E+01
  203    0.56420E+04    0.61227E+00   -0.85721E+01
  204    0.56518E+04    0.61544E+00   -0.72359E+01
  205    0.56611E+04    0.61960E+00   -0.58801E+01
  206    0.56697E+04    0.62479E+00   -0.45052E+01
  207    0.56777E+04    0.63102E+00   -0.31120E+01
  208    0.56852E+04    0.63832E+00   -0.17011E+01
  209    0.56920E+04    0.64673E+00   -0.27309E+00
  210    0.56982E+04    0.65626E+00    0.11713E+01
  211    0.57038E+04    0.66695E+00    0.26314E+01
  212    0.57088E+04    0.67882E+00    0.41065E+01
  213    0.57132E+04    0.69190E+00    0.55960E+01
  214    0.57170E+04    0.70622E+00    0.70993E+01
  215    0.57202E+04    0.72180E+00    0.86156E+01
  216    0.57228E+04    0.73867E+00    0.10144E+02
  217    0.57248E+04    0.75685E+00    0.11685E+02
  218    0.57262E+04    0.77638E+00    0.13236E+02
  219    0.57270E+04    0.79728E+00    0.14798E+02
  220    0.57272E+04    0.81958E+00    0.16370E+02
  221    0.57268E+04    0.84330E+00    0.17951E+02
  222    0.57258E+04    0.86848E+00    0.19540E+02
  223    0.57242E+04    0.89513E+00    0.21137E+02
  224    0.57220E+04    0.92329E+00    0.22741E+02
  225    0.57192E+04    0.95298E+00    0.24352E+02
  226    0.57159E+04    0.98423E+00    0.25968E+02
  227    0.57119E+04    0.10171E+01    0.27589E+02
  228    0.57073E+04    0.10515E+01    0.29215E+02
  229    0.57022E+04    0.10876E+01    0.30845E+02
  230    0.56964E+04    0.11254E+01    0.32477E+02
  231    0.56901E+04    0.11648E+01    0.34112E+02
  232    0.56832E+04    0.12060E+01    0.35749E+02
  233    0.56756E+04    0.12489E+01    0.37387E+02
  234    0.56675E+04    0.12936E+01    0.39026E+02
  235    0.56588E+04    0.13401E+01    0.40664E+02
  236    0.56495E+04    0.13884E+01    0.42302E+02
  237    0.56397E+04    0.14386E+01    0.43938E+02
  238    0.56292E+04    0.14907E+01    0.45571E+02
  239    0.56182E+04    0.15447E+01    0.47202E+02
  240    0.56065E+04    0.16006E+01    0.48830E+02
  241    0.55943E+04    0.16585E+01    0.50453E+02
  242    0.55815E+04    0.17183E+01    0.52071E+02
  243    0.55681E+04    0.17802E+01    0.53684E+02
  244    0.55542E+04    0.18441E+01    0.55291E+02
  245    0.55396E+04    0.19102E+01    0.56890E+02
  246    0.55245E+04    0.19783E+01    0.58483E+02
  247    0.55088E+04    0.20485E+01    0.60067E+02
  248    0.54925E+04    0.21209E+01    0.61642E+02
  249    0.54756E+04    0.21954E+01    0.63208E+02
  250    0.54582E+04    0.22722E+01    0.64764E+02
  251    0.54402E+04    0.23512E+01    0.66309E+02
  252    0.54216E+04    0.24324E+01    0.67842E+02
  253    0.54024E+04    0.25158E+01    0.69364E+02
  254    0.53827E+04    0.26014E+01    0.70873E+02
  255    0.53625E+04    0.26891E+01    0.72368E+02
  256    0.53417E+04    0.27789E+01    0.73851E+02
  257    0.53205E+04    0.28708E+01    0.75319E+02
  258    0.52987E+04    0.29648E+01    0.76772E+02
  259    0.52764E+04    0.30609E+01    0.78209E+02
  260    0.52536E+04    0.31589E+01    0.79631E+02
  261    0.52304E+04    0.32590E+01    0.81036E+02
  262    0.52067E+04    0.33611E+01    0.82424E+02
  263    0.51825E+04    0.34652E+01    0.83794E+02
  264    0.51579E+04    0.35712E+01    0.85146E+02
  265    0.51328E+04    0.36791E+01    0.86479E+02
  266    0.51073E+04    0.37889E+01    0.87793E+02
  267    0.50814E+04    0.39005E+01    0.89086E+02
  268    0.50551E+04    0.40141E+01    0.90359E+02
  269    0.50284E+04    0.41294E+01    0.91611E+02
  270    0.50014E+04    0.42466E+01    0.92841E+02
  271    0.49739E+04    0.43655E+01    0.94049E+02
  272    0.49461E+04    0.44862E+01    0.95234E+02
  273    0.49179E+04    0.46087E+01    0.96396E+02
  274    0.48894E+04    0.47328E+01    0.97533E+02
  275    0.48605E+04    0.48587E+01    0.98646E+02
  276    0.48313E+04    0.49862E+01    0.99733E+02
  277    0.48018E+04    0.51154E+01    0.10080E+03
  278    0.47720E+04    0.52462E+01    0.10183E+03
  279    0.47419E+04    0.53786E+01    0.10284E+03
  280    0.47116E+04    0.55126E+01    0.10382E+03
  281    0.46809E+04    0.56482E+01    0.10477E+03
  282    0.46500E+04    0.57853E+01    0.10570E+03
  283    0.46188E+04    0.59239E+01    0.10659E+03
  284    0.45874E+04    0.60640E+01    0.10746E+03
  285    0.45557E+04    0.62055E+01    0.10829E+03
  286    0.45239E+04    0.63485E+01    0.10910E+03
  287    0.44918E+04    0.64930E+01    0.10987E+03
  288    0.44595E+04    0.66388E+01    0.11061E+03
  289    0.44270E+04    0.67860E+01    0.11132E+03
  290    0.43943E+04    0.69346E+01    0.11199E+03
  291    0.43615E+04    0.70845E+01    0.11263E+03
  292    0.43285E+04    0.72357E+01    0.11324E+03
  293    0.42953E+04    0.73882E+01    0.11381E+03
  294    0.42620E+04    0.75420E+01    0.11435E+03
  295    0.42286E+04    0.76970E+01    0.11485E+03
  296    0.41950E+04    0.78532E+01    0.11531E+03
  297    0.41614E+04    0.80107E+01    0.11574E+03
  298    0.41276E+04    0.81693E+01    0.11612E+03
  299    0.40937E+04    0.83291E+01    0.11647E+03
  300    0.40598E+04    0.84900E+01    0.11678E+03
  301    0.40258E+04    0.86520E+01    0.11706E+03
  302    0.39917E+04    0.88150E+01    0.11729E+03
  303    0.39576E+04    0.89790E+01    0.11748E+03
  304    0.39234E+04    0.91439E+01    0.11763E+03
  305    0.38892E+04    0.93096E+01    0.11775E+03
  306    0.38550E+04    0.94760E+01    0.11783E+03
  307    0.38207E+04    0.96431E+01    0.11786E+03
  308    0.37865E+04    0.98108E+01    0.11786E+03
  309    0.37522E+04    0.99790E+01    0.11783E+03
  310    0.37180E+04    0.10148E+02    0.11775E+03
  311    0.36838E+04    0.10317E+02    0.11764E+03
  312    0.36496E+04    0.10486E+02    0.11749E+03
  313    0.36155E+04    0.10655E+02    0.11730E+03
  314    0.35814E+04    0.10825E+02    0.11708E+03
  315    0.35474E+04    0.10995E+02    0.11682E+03
  316    0.35135E+04    0.11164E+02    0.11653E+03
  317    0.34796E+04    0.11334E+02    0.11620E+03
  318    0.34459E+04    0.11503E+02    0.11583E+03
  319    0.34122E+04    0.11673E+02    0.11543E+03
  320    0.33787E+04    0.11842E+02    0.11499E+03
  321    0.33452E+04    0.12010E+02    0.11451E+03
  322    0.33119E+04    0.12178E+02    0.11401E+03
  323    0.32788E+04    0.12346E+02    0.11346E+03
  324    0.32458E+04    0.12513E+02    0.11289E+03
  325    0.32129E+04    0.12679E+02    0.11228E+03
  326    0.31802E+04    0.12844E+02    0.11163E+03
  327    0.31477E+04    0.13009E+02    0.11095E+03
  328    0.31154E+04    0.13173E+02    0.11024E+03
  329    0.30833E+04    0.13335E+02    0.10949E+03
  330    0.30514E+04    0.13497E+02    0.10872E+03
  331    0.30197E+04    0.13658E+02    0.10790E+03
  332    0.29882E+04    0.13817E+02    0.10706E+03
  333    0.29570E+04    0.13975E+02    0.10618E+03
  334    0.29260E+04    0.14132E+02    0.10527E+03
  335    0.28953E+04    0.14287E+02    0.10433E+03
  336    0.28648E+04    0.14441E+02    0.10336E+03
  337    0.28347E+04    0.14593E+02    0.10236E+03
  338    0.28048E+04    0.14743E+02    0.10132E+03
  339    0.27751E+04    0.14892E+02    0.10026E+03
  340    0.27458E+04    0.15039E+02    0.99159E+02
  341    0.27168E+04    0.15184E+02    0.98032E+02
  342    0.26882E+04    0.15328E+02    0.96874E+02
  343    0.26598E+04    0.15469E+02    0.95686E+02
  344    0.26318E+04    0.15608E+02    0.94468E+02
  345    0.26042E+04    0.15745E+02    0.93220E+02
  346    0.25769E+04    0.15879E+02    0.91943E+02
  347    0.25500E+04    0.16012E+02    0.90636E+02
  348    0.25235E+04    0.16141E+02    0.89301E+02
  349    0.24973E+04    0.16269E+02    0.87936E+02
  350    0.24716E+04    0.16394E+02    0.86544E+02
  351    0.24462E+04    0.16516E+02    0.85122E+02
  352    0.24213E+04    0.16636E+02    0.83674E+02
  353    0.23968E+04    0.16753E+02    0.82198E+02
  354    0.23727E+04    0.16867E+02    0.80697E+02
  355    0.23490E+04    0.16979E+02    0.79170E+02
  356    0.23257E+04    0.17088E+02    0.77619E+02
  357    0.23029E+04    0.17195E+02    0.76045E+02
  358    0.22804E+04    0.17298E+02    0.74448E+02
  359    0.22584E+04    0.17400E+02    0.72829E+02
  360    0.22367E+04    0.17499E+02    0.71189E+02
  361    0.22155E+04    0.17595E+02    0.69528E+02
  362    0.21947E+04    0.17688E+02    0.67848E+02
  363    0.21743E+04    0.17779E+02    0.66149E+02
  364    0.21544E+04    0.17867E+02    0.64433E+02
  365    0.21348E+04    0.17953E+02    0.62699E+02
  366    0.21157E+04    0.18036E+02    0.60949E+02
  367    0.20969E+04    0.18117E+02    0.59184E+02
  368    0.20786E+04    0.18195E+02    0.57403E+02
  369    0.20607E+04    0.18270E+02    0.55609E+02
  370    0.20433E+04    0.18343E+02    0.53802E+02
  371    0.20262E+04    0.18413E+02    0.51983E+02
  372    0.20096E+04    0.18481E+02    0.50152E+02
  373    0.19934E+04    0.18546E+02    0.48310E+02
  374    0.19776E+04    0.18609E+02    0.46459E+02
  375    0.19622E+04    0.18669E+02    0.44598E+02
  376    0.19472E+04    0.18726E+02    0.42730E+02
  377    0.19327E+04    0.18781E+02    0.40854E+02
  378    0.19186E+04    0.18833E+02    0.38971E+02
  379    0.19049E+04    0.18883E+02    0.37082E+02
  380    0.18916E+04    0.18930E+02    0.35188E+02
  381    0.18788E+04    0.18974E+02    0.33290E+02
  382    0.18664E+04    0.19016E+02    0.31389E+02
  383    0.18544E+04    0.19056E+02    0.29485E+02
  384    0.18428E+04    0.19093E+02    0.27579E+02
  385    0.18316E+04    0.19127E+02    0.25673E+02
  386    0.18209E+04    0.19159E+02    0.23765E+02
  387    0.18106E+04    0.19188E+02    0.21859E+02
  388    0.18007E+04    0.19215E+02    0.19954E+02
  389    0.17913E+04    0.19240E+02    0.18051E+02
  390    0.17823E+04    0.19261E+02    0.16151E+02
  391    0.17737E+04    0.19280E+02    0.14255E+02
  392    0.17655E+04    0.19297E+02    0.12364E+02
  393    0.17577E+04    0.19311E+02    0.10478E+02
  394    0.17504E+04    0.19323E+02    0.85980E+01
  395    0.17436E+04    0.19332E+02    0.67252E+01
  396    0.17371E+04    0.19338E+02    0.48603E+01
  397    0.17311E+04    0.19342E+02    0.30040E+01
  398    0.17255E+04    0.19344E+02    0.11571E+01
  399    0.17203E+04    0.19343E+02   -0.67953E+00
  400    0.17156E+04    0.19340E+02   -0.25051E+01
  401    0.17113E+04    0.19334E+02   -0.43189E+01
  402    0.17074E+04    0.19325E+02   -0.61203E+01
  403    0.17039E+04    0.19314E+02   -0.79088E+01
  404    0.17009E+04    0.19300E+02   -0.96840E+01
  405    0.16983E+04    0.19284E+02   -0.11445E+02
  406    0.16960E+04    0.19266E+02   -0.13192E+02
  407    0.16942E+04    0.19244E+02   -0.14924E+02
  408    0.16928E+04    0.19220E+02   -0.16640E+02
  409    0.16917E+04    0.19194E+02   -0.18340E+02
  410    0.16910E+04    0.19165E+02   -0.20024E+02
  411    0.16907E+04    0.19133E+02   -0.21691E+02
  412    0.16908E+04    0.19099E+02   -0.23340E+02
  413    0.16913E+04    0.19062E+02   -0.24971E+02
  414    0.16920E+04    0.19022E+02   -0.26584E+02
  415    0.16932E+04    0.18980E+02   -0.28177E+02
  416    0.16947E+04    0.18935E+02   -0.29751E+02
  417    0.16965E+04    0.18887E+02   -0.31304E+02
  418    0.16987E+04    0.18836E+02   -0.32837E+02
  419    0.17012E+04    0.18783E+02   -0.34349E+02
  420    0.17040E+04    0.18727E+02   -0.35839E+02
  421    0.17072E+04    0.18668E+02   -0.37306E+02
  422    0.17106E+04    0.18607E+02   -0.38751E+02
  423    0.17144E+04    0.18543E+02   -0.40173E+02
  424    0.17185E+04    0.18476E+02   -0.41571E+02
  425    0.17229E+04    0.18406E+02   -0.42944E+02
  426    0.17275E+04    0.18333E+02   -0.44293E+02
  427    0.17325E+04    0.18258E+02   -0.45616E+02
  428    0.17377E+04    0.18179E+02   -0.46914E+02
  429    0.17432E+04    0.18098E+02   -0.48185E+02
  430    0.17490E+04    0.18014E+02   -0.49429E+02
  431    0.17550E+04    0.17927E+02   -0.50646E+02
  432    0.17613E+04    0.17838E+02   -0.51835E+02
  433    0.17678E+04    0.17745E+02   -0.52995E+02
  434    0.17746E+04    0.17649E+02   -0.54126E+02
  435    0.17816E+04    0.17551E+02   -0.55228E+02
  436    0.17889E+04    0.17449E+02   -0.56300E+02
  437    0.17964E+04    0.17345E+02   -0.57341E+02
  438    0.18041E+04    0.17238E+02   -0.58351E+02
  439    0.18121E+04    0.17127E+02   -0.59330E+02
  440    0.18202E+04    0.17014E+02   -0.60276E+02
  441    0.18286E+04    0.16898E+02   -0.61190E+02
  442    0.18371E+04    0.16778E+02   -0.62070E+02
  443    0.18459E+04    0.16656E+02   -0.62917E+02
  444    0.18548E+04    0.16531E+02   -0.63730E+02
  445    0.18640E+04    0.16402E+02   -0.64508E+02
  446    0.18733E+04    0.16271E+02   -0.65251E+02
  447    0.18827E+04    0.16136E+02   -0.65958E+02
  448    0.18924E+04    0.15998E+02   -0.66629E+02
  449    0.19022E+04    0.15858E+02   -0.67263E+02
  450    0.19122E+04    0.15714E+02   -0.67860E+02
  451    0.19223E+04    0.15567E+02   -0.68419E+02
  452    0.19326E+04    0.15417E+02   -0.68940E+02
  453    0.19430E+04    0.15264E+02   -0.69424E+02
  454    0.19535E+04    0.15109E+02   -0.69871E+02
  455    0.19641E+04    0.14951E+02   -0.70281E+02
  456    0.19749E+04    0.14790E+02   -0.70655E+02
  457    0.19857E+04    0.14628E+02   -0.70992E+02
  458    0.19966E+04    0.14463E+02   -0.71293E+02
  459    0.20077E+04    0.14297E+02   -0.71558E+02
  460    0.20187E+04    0.14128E+02   -0.71788E+02
  461    0.20299E+04    0.13958E+02   -0.71982E+02
  462    0.20411E+04    0.13786E+02   -0.72141E+02
  463    0.20523E+04    0.13613E+02   -0.72265E+02
  464    0.20636E+04    0.13439E+02   -0.72355E+02
  465    0.20750E+04    0.13264E+02   -0.72410E+02
  466    0.20863E+04    0.13088E+02   -0.72430E+02
  467    0.20976E+04    0.12911E+02   -0.72417E+02
  468    0.21090E+04    0.12733E+02   -0.72371E+02
  469    0.21204E+04    0.12555E+02   -0.72291E+02
  470    0.21317E+04    0.12377E+02   -0.72177E+02
  471    0.21430E+04    0.12198E+02   -0.72031E+02
  472    0.21543E+04    0.12020E+02   -0.71852E+02
  473    0.21655E+04    0.11841E+02   -0.71640E+02
  474    0.21767E+04    0.11663E+02   -0.71397E+02
  475    0.21878E+04    0.11485E+02   -0.71121E+02
  476    0.21989E+04    0.11308E+02   -0.70814E+02
  477    0.22099E+04    0.11131E+02   -0.70475E+02
  478    0.22208E+04    0.10956E+02   -0.70105E+02
  479    0.22316E+04    0.10781E+02   -0.69703E+02
  480    0.22423E+04    0.10607E+02   -0.69272E+02
  481    0.22529E+04    0.10435E+02   -0.68809E+02
  482    0.22634E+04    0.10264E+02   -0.68316E+02
  483    0.22737E+04    0.10094E+02   -0.67794E+02
  484    0.22839E+04    0.99267E+01   -0.67241E+02
  485    0.22940E+04    0.97609E+01   -0.66659E+02
  486    0.23039E+04    0.95971E+01   -0.66048E+02
  487    0.23136E+04    0.94355E+01   -0.65408E+02
  488    0.23232E+04    0.92762E+01   -0.64739E+02
  489    0.23326E+04    0.91193E+01   -0.64041E+02
  490    0.23418E+04    0.89650E+01   -0.63315E+02
  491    0.23508E+04    0.88135E+01   -0.62561E+02
  492    0.23596E+04    0.86649E+01   -0.61779E+02
  493    0.23682E+04    0.85193E+01   -0.60969E+02
  494    0.23766E+04    0.83769E+01   -0.60133E+02
  495    0.23847E+04    0.82378E+01   -0.59269E+02
  496    0.23926E+04    0.81022E+01   -0.58378E+02
  497    0.24003E+04    0.79702E+01   -0.57460E+02
  498    0.24076E+04    0.78420E+01   -0.56517E+02
  499    0.24147E+04    0.77178E+01   -0.55547E+02
  500    0.24216E+04    0.75975E+01   -0.54551E+02
  501    0.24281E+04    0.74815E+01   -0.53530E+02
  502    0.24344E+04    0.73697E+01   -0.52484E+02
  503    0.24404E+04    0.72622E+01   -0.51414E+02
  504    0.24461E+04    0.71589E+01   -0.50320E+02
  505    0.24515E+04    0.70599E+01   -0.49205E+02
  506    0.24567E+04    0.69652E+01   -0.48068E+02
  507    0.24616E+04    0.68748E+01   -0.46910E+02
  508    0.24663E+04    0.67887E+01   -0.45732E+02
  509    0.24706E+04    0.67071E+01   -0.44535E+02
  510    0.24747E+04    0.66297E+01   -0.43320E+02
  511    0.24786E+04    0.65568E+01   -0.42088E+02
  512    0.24822E+04    0.64883E+01   -0.40839E+02
  513    0.24856E+04    0.64242E+01   -0.39574E+02
  514    0.24887E+04    0.63645E+01   -0.38294E+02
  515    0.24915E+04    0.63093E+01   -0.37000E+02
  516    0.24942E+04    0.62586E+01   -0.35693E+02
  517    0.24965E+04    0.62124E+01   -0.34373E+02
  518    0.24987E+04    0.61707E+01   -0.33041E+02
  519    0.25006E+04    0.61335E+01   -0.31699E+02
  520    0.25023E+04    0.61009E+01   -0.30346E+02
  521    0.25037E+04    0.60729E+01   -0.28985E+02
  522    0.25049E+04    0.60494E+01   -0.27615E+02
  523    0.25060E+04    0.60306E+01   -0.26237E+02
  524    0.25067E+04    0.60163E+01   -0.24853E+02
  525    0.25073E+04    0.60067E+01   -0.23462E+02
  526    0.25077E+04    0.60018E+01   -0.22067E+02
  527    0.25078E+04    0.60015E+01   -0.20667E+02
  528    0.25077E+04    0.60059E+01   -0.19264E+02
  529    0.25075E+04    0.60151E+01   -0.17858E+02
  530    0.25070E+04    0.60289E+01   -0.16450E+02
  531    0.25063E+04    0.60475E+01   -0.15042E+02
  532    0.25055E+04    0.60709E+01   -0.13633E+02
  533    0.25044E+04    0.60991E+01   -0.12224E+02
  534    0.25032E+04    0.61320E+01   -0.10818E+02
  535    0.25017E+04    0.61698E+01   -0.94129E+01
  536    0.25001E+04    0.62124E+01   -0.80114E+01
  537    0.24983E+04    0.62599E+01   -0.66138E+01
  538    0.24963E+04    0.63122E+01   -0.52209E+01
  539    0.24942E+04    0.63695E+01   -0.38335E+01
  540    0.24919E+04    0.64316E+01   -0.24525E+01
  541    0.24893E+04    0.64987E+01   -0.10787E+01
  542    0.24867E+04    0.65707E+01    0.28709E+00
  543    0.24838E+04    0.66476E+01    0.16441E+01
  544    0.24809E+04    0.67296E+01    0.29914E+01
  545    0.24777E+04    0.68165E+01    0.43283E+01
  546    0.24744E+04    0.69084E+01    0.56538E+01
  547    0.24709E+04    0.70054E+01    0.69673E+01
  548    0.24673E+04    0.71075E+01    0.82678E+01
  549    0.24636E+04    0.72146E+01    0.95546E+01
  550    0.24597E+04    0.73267E+01    0.10827E+02
  551    0.24556E+04    0.74440E+01    0.12084E+02
  552    0.24514E+04    0.75663E+01    0.13325E+02
  553    0.24471E+04    0.76936E+01    0.14550E+02
  554    0.24426E+04    0.78258E+01    0.15758E+02
  555    0.24380E+04    0.79627E+01    0.16948E+02
  556    0.24333E+04    0.81045E+01    0.18122E+02
  557    0.24285E+04    0.82509E+01    0.19277E+02
  558    0.24235E+04    0.84020E+01    0.20414E+02
  559    0.24184E+04    0.85576E+01    0.21531E+02
  560    0.24131E+04    0.87177E+01    0.22630E+02
  561    0.24078E+04    0.88822E+01    0.23708E+02
  562    0.24023E+04    0.90510E+01    0.24767E+02
  563    0.23967E+04    0.92241E+01    0.25804E+02
  564    0.23910E+04    0.94014E+01    0.26821E+02
  565    0.23852E+04    0.95829E+01    0.27815E+02
  566    0.23793E+04    0.97684E+01    0.28788E+02
  567    0.23732E+04    0.99579E+01    0.29738E+02
  568    0.23671E+04    0.10151E+02    0.30666E+02
  569    0.23608E+04    0.10349E+02    0.31570E+02
  570    0.23544E+04    0.10550E+02    0.32450E+02
  571    0.23480E+04    0.10755E+02    0.33305E+02
  572    0.23414E+04    0.10963E+02    0.34137E+02
  573    0.23347E+04    0.11175E+02    0.34942E+02
  574    0.23280E+04    0.11391E+02    0.35723E+02
  575    0.23211E+04    0.11610E+02    0.36477E+02
  576    0.23142E+04    0.11832E+02    0.37205E+02
  577    0.23071E+04    0.12058E+02    0.37906E+02
  578    0.23000E+04    0.12286E+02    0.38579E+02
  579    0.22928E+04    0.12519E+02    0.39225E+02
  580    0.22855E+04    0.12754E+02    0.39842E+02
  581    0.22781E+04    0.12992E+02    0.40430E+02
  582    0.22707E+04    0.13233E+02    0.40990E+02
  583    0.22631E+04    0.13477E+02    0.41520E+02
  584    0.22555E+04    0.13724E+02    0.42020E+02
  585    0.22478E+04    0.13973E+02    0.42489E+02
  586    0.22401E+04    0.14226E+02    0.42927E+02
  587    0.22323E+04    0.14481E+02    0.43334E+02
  588    0.22244E+04    0.14738E+02    0.43709E+02
  589    0.22164E+04    0.14998E+02    0.44052E+02
  590    0.22084E+04    0.15260E+02    0.44362E+02
  591    0.22003E+04    0.15525E+02    0.44639E+02
  592    0.21921E+04    0.15792E+02    0.44883E+02
  593    0.21839E+04    0.16061E+02    0.45092E+02
  594    0.21756E+04    0.16332E+02    0.45267E+02
  595    0.21673E+04    0.16606E+02    0.45407E+02
  596    0.21589E+04    0.16881E+02    0.45511E+02
  597    0.21505E+04    0.17158E+02    0.45580E+02
  598    0.21420E+04    0.17437E+02    0.45612E+02
  599    0.21335E+04    0.17718E+02    0.45608E+02
  600    0.21249E+04    0.18000E+02    0.45567E+02
  601    0.21163E+04    0.18285E+02    0.45488E+02
  602    0.21077E+04    0.18570E+02    0.45372E+02
  603    0.20990E+04    0.18857E+02    0.45219E+02
  604    0.20903E+04    0.19145E+02    0.45030E+02
  605    0.20816E+04    0.19434E+02    0.44805E+02
  606    0.20728E+04    0.19723E+02    0.44544E+02
  607    0.20641E+04    0.20012E+02    0.44248E+02
  608    0.20553E+04    0.20302E+02    0.43918E+02
  609    0.20465E+04    0.20592E+02    0.43553E+02
  610    0.20377E+04    0.20882E+02    0.43155E+02
  611    0.20290E+04    0.21171E+02    0.42723E+02
  612    0.20202E+04    0.21459E+02    0.42259E+02
  613    0.20115E+04    0.21747E+02    0.41762E+02
  614    0.20027E+04    0.22033E+02    0.41232E+02
  615    0.19941E+04    0.22319E+02    0.40671E+02
  616    0.19854E+04    0.22602E+02    0.40079E+02
  617    0.19768E+04    0.22884E+02    0.39456E+02
  618    0.19682E+04    0.23165E+02    0.38803E+02
  619    0.19596E+04    0.23443E+02    0.38119E+02
  620    0.19511E+04    0.23718E+02    0.37406E+02
  621    0.19427E+04    0.23992E+02    0.36664E+02
  622    0.19343E+04    0.24262E+02    0.35893E+02
  623    0.19260E+04    0.24530E+02    0.35094E+02
  624    0.19178E+04    0.24794E+02    0.34267E+02
  625    0.19096E+04    0.25055E+02    0.33412E+02
  626    0.19015E+04    0.25312E+02    0.32530E+02
  627    0.18935E+04    0.25566E+02    0.31622E+02
  628    0.18856E+04    0.25815E+02    0.30688E+02
  629    0.18778E+04    0.26061E+02    0.29728E+02
  630    0.18701E+04    0.26302E+02    0.28742E+02
  631    0.18624E+04    0.26538E+02    0.27732E+02
  632    0.18549E+04    0.26770E+02    0.26697E+02
  633    0.18475E+04    0.26996E+02    0.25638E+02
  634    0.18403E+04    0.27218E+02    0.24555E+02
  635    0.18331E+04    0.27433E+02    0.23449E+02
  636    0.18261E+04    0.27644E+02    0.22321E+02
  637    0.18192E+04    0.27848E+02    0.21170E+02
  638    0.18125E+04    0.28046E+02    0.19997E+02
  639    0.18059E+04    0.28238E+02    0.18802E+02
  640    0.17994E+04    0.28423E+02    0.17586E+02
  641    0.17931E+04    0.28602E+02    0.16350E+02
  642    0.17869E+04    0.28774E+02    0.15093E+02
  643    0.17810E+04    0.28939E+02    0.13817E+02
  644    0.17751E+04    0.29096E+02    0.12521E+02
  645    0.17695E+04    0.29246E+02    0.11206E+02
  646    0.17640E+04    0.29388E+02    0.98727E+01
  647    0.17587E+04    0.29522E+02    0.85210E+01
  648    0.17537E+04    0.29648E+02    0.71517E+01
  649    0.17487E+04    0.29765E+02    0.57650E+01
  650    0.17440E+04    0.29874E+02    0.43614E+01
  651    0.17395E+04    0.29974E+02    0.29415E+01
  652    0.17352E+04    0.30066E+02    0.15058E+01
  653    0.17311E+04    0.30149E+02    0.55407E-01
  654    0.17272E+04    0.30224E+02   -0.14090E+01
  655    0.17235E+04    0.30290E+02   -0.28867E+01
  656    0.17200E+04    0.30349E+02   -0.43767E+01
  657    0.17167E+04    0.30399E+02   -0.58783E+01
  658    0.17136E+04    0.30442E+02   -0.73906E+01
  659    0.17107E+04    0.30477E+02   -0.89128E+01
  660    0.17080E+04    0.30505E+02   -0.10444E+02
  661    0.17055E+04    0.30526E+02   -0.11984E+02
  662    0.17032E+04    0.30539E+02   -0.13531E+02
  663    0.17011E+04    0.30545E+02   -0.15085E+02
  664    0.16992E+04    0.30545E+02   -0.16644E+02
  665    0.16975E+04    0.30538E+02   -0.18209E+02
  666    0.16959E+04    0.30524E+02   -0.19778E+02
  667    0.16946E+04    0.30504E+02   -0.21350E+02
  668    0.16935E+04    0.30477E+02   -0.22925E+02
  669    0.16925E+04    0.30445E+02   -0.24501E+02
  670    0.16918E+04    0.30406E+02   -0.26079E+02
  671    0.16913E+04    0.30362E+02   -0.27656E+02
  672    0.16909E+04    0.30312E+02   -0.29233E+02
  673    0.16907E+04    0.30257E+02   -0.30809E+02
  674    0.16908E+04    0.30196E+02   -0.32382E+02
  675    0.16910E+04    0.30130E+02   -0.33951E+02
  676    0.16914E+04    0.30059E+02   -0.35517E+02
  677    0.16920E+04    0.29983E+02   -0.37078E+02
  678    0.16928E+04    0.29903E+02   -0.38634E+02
  679    0.16938E+04    0.29818E+02   -0.40183E+02
  680    0.16950E+04    0.29728E+02   -0.41725E+02
  681    0.16964E+04    0.29634E+02   -0.43258E+02
  682    0.16979E+04    0.29536E+02   -0.44783E+02
  683    0.16997E+04    0.29434E+02   -0.46299E+02
  684    0.17016E+04    0.29328E+02   -0.47803E+02
  685    0.17037E+04    0.29218E+02   -0.49297E+02
  686    0.17060E+04    0.29105E+02   -0.50778E+02
  687    0.17085E+04    0.28988E+02   -0.52246E+02
  688    0.17112E+04    0.28868E+02   -0.53700E+02
  689    0.17141E+04    0.28745E+02   -0.55140E+02
  690    0.17172E+04    0.28619E+02   -0.56565E+02
  691    0.17204E+04    0.28491E+02   -0.57973E+02
  692    0.17239E+04    0.28359E+02   -0.59364E+02
  693    0.17275E+04    0.28225E+02   -0.60737E+02
  694    0.17313E+04    0.28089E+02   -0.62092E+02
  695    0.17353E+04    0.27951E+02   -0.63427E+02
  696    0.17394E+04    0.27810E+02   -0.64742E+02
  697    0.17438E+04    0.27668E+02   -0.66035E+02
  698    0.17483E+04    0.27524E+02   -0.67307E+02
  699    0.17531E+04    0.27378E+02   -0.68556E+02
  700    0.17580E+04    0.27231E+02   -0.69781E+02
  701    0.17631E+04    0.27082E+02   -0.70982E+02
  702    0.17683E+04    0.26932E+02   -0.72159E+02
  703    0.17738E+04    0.26781E+02   -0.73310E+02
  704    0.17794E+04    0.26629E+02   -0.74437E+02
  705    0.17851E+04    0.26475E+02   -0.75538E+02
  706    0.17911E+04    0.26320E+02   -0.76614E+02
  707    0.17971E+04    0.26164E+02   -0.77665E+02
  708    0.18034E+04    0.26007E+02   -0.78690E+02
  709    0.18098E+04    0.25848E+02   -0.79689E+02
  710    0.18163E+04    0.25688E+02   -0.80662E+02
  711    0.18230E+04    0.25527E+02   -0.81609E+02
  712    0.18298E+04    0.25365E+02   -0.82529E+02
  713    0.18367E+04    0.25201E+02   -0.83422E+02
  714    0.18438E+04    0.25037E+02   -0.84289E+02
  715    0.18510E+04    0.24871E+02   -0.85129E+02
  716    0.18583E+04    0.24704E+02   -0.85941E+02
  717    0.18657E+04    0.24536E+02   -0.86726E+02
  718    0.18732E+04    0.24367E+02   -0.87484E+02
  719    0.18808E+04    0.24196E+02   -0.88213E+02
  720    0.18885E+04    0.24025E+02   -0.88915E+02
  721    0.18964E+04    0.23852E+02   -0.89589E+02
  722    0.19043E+04    0.23678E+02   -0.90234E+02
  723    0.19123E+04    0.23503E+02   -0.90851E+02
  724    0.19204E+04    0.23328E+02   -0.91439E+02
  725    0.19285E+04    0.23151E+02   -0.91998E+02
  726    0.19368E+04    0.22973E+02   -0.92528E+02
  727    0.19451E+04    0.22793E+02   -0.93029E+02
  728    0.19535E+04    0.22613E+02   -0.93500E+02
  729    0.19619E+04    0.22432E+02   -0.93942E+02
  730    0.19704E+04    0.22250E+02   -0.94354E+02
  731    0.19790E+04    0.22067E+02   -0.94736E+02
  732    0.19876E+04    0.21882E+02   -0.95087E+02
  733    0.19962E+04    0.21697E+02   -0.95409E+02
  734    0.20049E+04    0.21511E+02   -0.95700E+02
  735    0.20136E+04    0.21323E+02   -0.95960E+02
  736    0.20224E+04    0.21135E+02   -0.96189E+02
  737    0.20311E+04    0.20946E+02   -0.96387E+02
  738    0.20399E+04    0.20756E+02   -0.96553E+02
  739    0.20488E+04    0.20565E+02   -0.96688E+02
  740    0.20576E+04    0.20373E+02   -0.96792E+02
  741    0.20664E+04    0.20180E+02   -0.96863E+02
  742    0.20753E+04    0.19986E+02   -0.96903E+02
  743    0.20842E+04    0.19791E+02   -0.96910E+02
  744    0.20930E+04    0.19596E+02   -0.96885E+02
  745    0.21019E+04    0.19399E+02   -0.96827E+02
  746    0.21107E+04    0.19201E+02   -0.96736E+02
  747    0.21195E+04    0.19003E+02   -0.96613E+02
  748    0.21283E+04    0.18804E+02   -0.96456E+02
  749    0.21371E+04    0.18604E+02   -0.96266E+02
  750    0.21458E+04    0.18403E+02   -0.96042E+02
  751    0.21545E+04    0.18201E+02   -0.95785E+02
  752    0.21632E+04    0.17999E+02   -0.95494E+02
  753    0.21719E+04    0.17796E+02   -0.95170E+02
  754    0.21805E+04    0.17592E+02   -0.94813E+02
  755    0.21890E+04    0.17389E+02   -0.94424E+02
  756    0.21975E+04    0.17184E+02   -0.94003E+02
  757    0.22060E+04    0.16980E+02   -0.93551E+02
  758    0.22143E+04    0.16775E+02   -0.93067E+02
  759    0.22227E+04    0.16571E+02   -0.92552E+02
  760    0.22309E+04    0.16366E+02   -0.92006E+02
  761    0.22391E+04    0.16162E+02   -0.91430E+02
  762    0.22473E+04    0.15959E+02   -0.90824E+02
  763    0.22553E+04    0.15755E+02   -0.90188E+02
  764    0.22633E+04    0.15553E+02   -0.89523E+02
  765    0.22712E+04    0.15350E+02   -0.88830E+02
  766    0.22790E+04    0.15149E+02   -0.88107E+02
  767    0.22867E+04    0.14949E+02   -0.87356E+02
  768    0.22943E+04    0.14749E+02   -0.86578E+02
  769    0.23019E+04    0.14551E+02   -0.85771E+02
  770    0.23093E+04    0.14354E+02   -0.84938E+02
  771    0.23166E+04    0.14158E+02   -0.84077E+02
  772    0.23239E+04    0.13963E+02   -0.83190E+02
  773    0.23310E+04    0.13771E+02   -0.82277E+02
  774    0.23380E+04    0.13579E+02   -0.81338E+02
  775    0.23449E+04    0.13390E+02   -0.80373E+02
  776    0.23516E+04    0.13202E+02   -0.79384E+02
  777    0.23583E+04    0.13016E+02   -0.78369E+02
  778    0.23648E+04    0.12833E+02   -0.77330E+02
  779    0.23712E+04    0.12651E+02   -0.76267E+02
  780    0.23774E+04    0.12472E+02   -0.75179E+02
  781    0.23835E+04    0.12295E+02   -0.74069E+02
  782    0.23895E+04    0.12121E+02   -0.72935E+02
  783    0.23953E+04    0.11949E+02   -0.71778E+02
  784    0.24010E+04    0.11780E+02   -0.70599E+02
  785    0.24065E+04    0.11614E+02   -0.69398E+02
  786    0.24119E+04    0.11450E+02   -0.68175E+02
  787    0.24171E+04    0.11290E+02   -0.66931E+02
  788    0.24222E+04    0.11133E+02   -0.65666E+02
  789    0.24271E+04    0.10979E+02   -0.64379E+02
  790    0.24318E+04    0.10828E+02   -0.63073E+02
  791    0.24363E+04    0.10681E+02   -0.61746E+02
  792    0.24407E+04    0.10537E+02   -0.60400E+02
  793    0.24449E+04    0.10397E+02   -0.59034E+02
  794    0.24489E+04    0.10261E+02   -0.57649E+02
  795    0.24527E+04    0.10129E+02   -0.56246E+02
  796    0.24563E+04    0.10001E+02   -0.54824E+02
  797    0.24597E+04    0.98764E+01   -0.53384E+02
  798    0.24630E+04    0.97564E+01   -0.51927E+02
  799    0.24660E+04    0.96407E+01   -0.50452E+02
  800    0.24689E+04    0.95294E+01   -0.48960E+02
  801    0.24715E+04    0.94226E+01   -0.47452E+02
  802    0.24739E+04    0.93203E+01   -0.45928E+02
  803    0.24761E+04    0.92225E+01   -0.44388E+02
  804    0.24781E+04    0.91293E+01   -0.42834E+02
  805    0.24799E+04    0.90405E+01   -0.41266E+02
  806    0.24815E+04    0.89562E+01   -0.39686E+02
  807    0.24829E+04    0.88763E+01   -0.38093E+02
  808    0.24841E+04    0.88010E+01   -0.36488E+02
  809    0.24850E+04    0.87301E+01   -0.34873E+02
  810    0.24858E+04    0.86636E+01   -0.33247E+02
  811    0.24864E+04    0.86016E+01   -0.31612E+02
  812    0.24867E+04    0.85440E+01   -0.29968E+02
  813    0.24869E+04    0.84908E+01   -0.28316E+02
  814    0.24868E+04    0.84421E+01   -0.26658E+02
  815    0.24866E+04    0.83977E+01   -0.24992E+02
  816    0.24861E+04    0.83578E+01   -0.23321E+02
  817    0.24855E+04    0.83222E+01   -0.21644E+02
  818    0.24846E+04    0.82910E+01   -0.19964E+02
  819    0.24836E+04    0.82642E+01   -0.18279E+02
  820    0.24823E+04    0.82417E+01   -0.16592E+02
  821    0.24808E+04    0.82237E+01   -0.14903E+02
  822    0.24792E+04    0.82099E+01   -0.13212E+02
  823    0.24773E+04    0.82005E+01   -0.11520E+02
  824    0.24752E+04    0.81954E+01   -0.98283E+01
  825    0.24730E+04    0.81947E+01   -0.81373E+01
  826    0.24705E+04    0.81983E+01   -0.64477E+01
  827    0.24678E+04    0.82061E+01   -0.47603E+01
  828    0.24650E+04    0.82183E+01   -0.30757E+01
  829    0.24619E+04    0.82348E+01   -0.13947E+01
  830    0.24586E+04    0.82555E+01    0.28196E+00
  831    0.24552E+04    0.82805E+01    0.19536E+01
  832    0.24515E+04    0.83098E+01    0.36195E+01
  833    0.24477E+04    0.83433E+01    0.52789E+01
  834    0.24436E+04    0.83811E+01    0.69311E+01
  835    0.24393E+04    0.84231E+01    0.85754E+01
  836    0.24349E+04    0.84694E+01    0.10211E+02
  837    0.24303E+04    0.85199E+01    0.11837E+02
  838    0.24254E+04    0.85746E+01    0.13453E+02
  839    0.24204E+04    0.86335E+01    0.15059E+02
  840    0.24151E+04    0.86966E+01    0.16653E+02
  841    0.24097E+04    0.87639E+01    0.18234E+02
  842    0.24041E+04    0.88353E+01    0.19803E+02
  843    0.23983E+04    0.89110E+01    0.21358E+02
  844    0.23922E+04    0.89908E+01    0.22898E+02
  845    0.23860E+04    0.90748E+01    0.24424E+02
  846    0.23796E+04    0.91629E+01    0.25933E+02
  847    0.23730E+04    0.92552E+01    0.27426E+02
  848    0.23663E+04    0.93516E+01    0.28901E+02
  849    0.23593E+04    0.94521E+01    0.30359E+02
  850    0.23521E+04    0.95567E+01    0.31798E+02
  851    0.23447E+04    0.96654E+01    0.33217E+02
  852    0.23372E+04    0.97782E+01    0.34617E+02
  853    0.23294E+04    0.98949E+01    0.35997E+02
  854    0.23215E+04    0.10015E+02    0.37356E+02
  855    0.23134E+04    0.10140E+02    0.38696E+02
  856    0.23051E+04    0.10268E+02    0.40015E+02
  857    0.22967E+04    0.10399E+02    0.41313E+02
  858    0.22881E+04    0.10535E+02    0.42590E+02
  859    0.22793E+04    0.10673E+02    0.43846E+02
  860    0.22704E+04    0.10815E+02    0.45081E+02
  861    0.22613E+04    0.10960E+02    0.46295E+02
  862    0.22521E+04    0.11109E+02    0.47486E+02
  863    0.22427E+04    0.11260E+02    0.48656E+02
  864    0.22331E+04    0.11415E+02    0.49804E+02
  865    0.22235E+04    0.11572E+02    0.50929E+02
  866    0.22137E+04    0.11733E+02    0.52032E+02
  867    0.22037E+04    0.11896E+02    0.53112E+02
  868    0.21936E+04    0.12062E+02    0.54169E+02
  869    0.21834E+04    0.12230E+02    0.55203E+02
  870    0.21731E+04    0.12401E+02    0.56214E+02
  871    0.21627E+04    0.12574E+02    0.57201E+02
  872    0.21521E+04    0.12750E+02    0.58165E+02
  873    0.21415E+04    0.12928E+02    0.59104E+02
  874    0.21307E+04    0.13108E+02    0.60020E+02
  875    0.21198E+04    0.13291E+02    0.60911E+02
  876    0.21088E+04    0.13475E+02    0.61777E+02
  877    0.20978E+04    0.13662E+02    0.62619E+02
  878    0.20866E+04    0.13850E+02    0.63436E+02
  879    0.20753E+04    0.14040E+02    0.64227E+02
  880    0.20640E+04    0.14231E+02    0.64994E+02
  881    0.20526E+04    0.14425E+02    0.65735E+02
  882    0.20411E+04    0.14619E+02    0.66449E+02
  883    0.20295E+04    0.14816E+02    0.67139E+02
  884    0.20178E+04    0.15013E+02    0.67801E+02
  885    0.20061E+04    0.15212E+02    0.68438E+02
  886    0.19943E+04    0.15412E+02    0.69048E+02
  887    0.19825E+04    0.15613E+02    0.69631E+02
  888    0.19706E+04    0.15816E+02    0.70187E+02
  889    0.19587E+04    0.16019E+02    0.70716E+02
  890    0.19467E+04    0.16223E+02    0.71218E+02
  891    0.19346E+04    0.16428E+02    0.71692E+02
  892    0.19225E+04    0.16633E+02    0.72138E+02
  893    0.19104E+04    0.16839E+02    0.72556E+02
  894    0.18983E+04    0.17046E+02    0.72946E+02
  895    0.18861E+04    0.17253E+02    0.73308E+02
  896    0.18739E+04    0.17460E+02    0.73641E+02
  897    0.18616E+04    0.17668E+02    0.73945E+02
  898    0.18494E+04    0.17876E+02    0.74221E+02
  899    0.18371E+04    0.18084E+02    0.74467E+02
  900    0.18248E+04    0.18292E+02    0.74683E+02
  901    0.18125E+04    0.18500E+02    0.74870E+02
  902    0.18002E+04    0.18708E+02    0.75028E+02
  903    0.17879E+04    0.18916E+02    0.75157E+02
  904    0.17756E+04    0.19123E+02    0.75257E+02
  905    0.17633E+04    0.19330E+02    0.75328E+02
  906    0.17510E+04    0.19537E+02    0.75370E+02
  907    0.17387E+04    0.19743E+02    0.75385E+02
  908    0.17265E+04    0.19948E+02    0.75372E+02
  909    0.17142E+04    0.20153E+02    0.75330E+02
  910    0.17020E+04    0.20356E+02    0.75262E+02
  911    0.16897E+04    0.20559E+02    0.75166E+02
  912    0.16775E+04    0.20761E+02    0.75044E+02
  913    0.16654E+04    0.20962E+02    0.74894E+02
  914    0.16532E+04    0.21162E+02    0.74718E+02
  915    0.16411E+04    0.21361E+02    0.74516E+02
  916    0.16291E+04    0.21558E+02    0.74288E+02
  917    0.16170E+04    0.21754E+02    0.74034E+02
  918    0.16050E+04    0.21948E+02    0.73755E+02
  919    0.15931E+04    0.22141E+02    0.73450E+02
  920    0.15812E+04    0.22332E+02    0.73120E+02
  921    0.15693E+04    0.22522E+02    0.72766E+02
  922    0.15575E+04    0.22709E+02    0.72387E+02
  923    0.15458E+04    0.22895E+02    0.71983E+02
  924    0.15341E+04    0.23079E+02    0.71556E+02
  925    0.15224E+04    0.23261E+02    0.71104E+02
  926    0.15109E+04    0.23441E+02    0.70629E+02
  927    0.14994E+04    0.23618E+02    0.70131E+02
  928    0.14880E+04    0.23793E+02    0.69610E+02
  929    0.14766E+04    0.23966E+02    0.69066E+02
  930    0.14653E+04    0.24136E+02    0.68499E+02
  931    0.14541E+04    0.24304E+02    0.67909E+02
  932    0.14430E+04    0.24469E+02    0.67298E+02
  933    0.14320E+04    0.24632E+02    0.66665E+02
  934    0.14210E+04    0.24791E+02    0.66010E+02
  935    0.14102E+04    0.24948E+02    0.65333E+02
  936    0.13994E+04    0.25102E+02    0.64635E+02
  937    0.13887E+04    0.25252E+02    0.63917E+02
  938    0.13781E+04    0.25400E+02    0.63178E+02
  939    0.13677E+04    0.25544E+02    0.62418E+02
  940    0.13573E+04    0.25685E+02    0.61638E+02
  941    0.13470E+04    0.25823E+02    0.60838E+02
  942    0.13369E+04    0.25957E+02    0.60018E+02
  943    0.13269E+04    0.26088E+02    0.59179E+02
  944    0.13169E+04    0.26215E+02    0.58320E+02
  945    0.13071E+04    0.26338E+02    0.57443E+02
  946    0.12975E+04    0.26458E+02    0.56546E+02
  947    0.12879E+04    0.26573E+02    0.55631E+02
  948    0.12785E+04    0.26685E+02    0.54698E+02
  949    0.12692E+04    0.26793E+02    0.53747E+02
  950    0.12600E+04    0.26896E+02    0.52778E+02
  951    0.12510E+04    0.26996E+02    0.51791E+02
  952    0.12421E+04    0.27091E+02    0.50788E+02
  953    0.12333E+04    0.27182E+02    0.49768E+02
  954    0.12247E+04    0.27268E+02    0.48732E+02
  955    0.12162E+04    0.27351E+02    0.47681E+02
  956    0.12079E+04    0.27429E+02    0.46615E+02
  957    0.11997E+04    0.27503E+02    0.45535E+02
  958    0.11916E+04    0.27573E+02    0.44442E+02
  959    0.11837E+04    0.27639E+02    0.43336E+02
  960    0.11759E+04    0.27701E+02    0.42217E+02
  961    0.11683E+04    0.27758E+02    0.41087E+02
  962    0.11608E+04    0.27812E+02    0.39946E+02
  963    0.11534E+04    0.27861E+02    0.38794E+02
  964    0.11462E+04    0.27906E+02    0.37632E+02
  965    0.11391E+04    0.27947E+02    0.36460E+02
  966    0.11322E+04    0.27984E+02    0.35280E+02
  967    0.11254E+04    0.28017E+02    0.34092E+02
  968    0.11188E+04    0.28046E+02    0.32896E+02
  969    0.11123E+04    0.28070E+02    0.31693E+02
  970    0.11059E+04    0.28091E+02    0.30483E+02
  971    0.10997E+04    0.28107E+02    0.29268E+02
  972    0.10937E+04    0.28120E+02    0.28047E+02
  973    0.10878E+04    0.28128E+02    0.26822E+02
  974    0.10820E+04    0.28133E+02    0.25592E+02
  975    0.10764E+04    0.28133E+02    0.24359E+02
  976    0.10709E+04    0.28129E+02    0.23123E+02
  977    0.10656E+04    0.28121E+02    0.21885E+02
  978    0.10604E+04    0.28109E+02    0.20645E+02
  979    0.10554E+04    0.28094E+02    0.19403E+02
  980    0.10505E+04    0.28074E+02    0.18161E+02
  981    0.10458E+04    0.28050E+02    0.16919E+02
  982    0.10412E+04    0.28022E+02    0.15678E+02
  983    0.10368E+04    0.27990E+02    0.14438E+02
  984    0.10326E+04    0.27954E+02    0.13199E+02
  985    0.10284E+04    0.27915E+02    0.11963E+02
  986    0.10245E+04    0.27871E+02    0.10729E+02
  987    0.10207E+04    0.27823E+02    0.94995E+01
  988    0.10170E+04    0.27772E+02    0.82737E+01
  989    0.10135E+04    0.27716E+02    0.70526E+01
  990    0.10102E+04    0.27656E+02    0.58367E+01
  991    0.10070E+04    0.27593E+02    0.46266E+01
  992    0.10040E+04    0.27526E+02    0.34229E+01
  993    0.10011E+04    0.27454E+02    0.22262E+01
  994    0.99835E+03    0.27379E+02    0.10371E+01
  995    0.99579E+03    0.27300E+02   -0.14383E+00
  996    0.99338E+03    0.27217E+02   -0.13160E+01
  997    0.99113E+03    0.27130E+02   -0.24789E+01
  998    0.98905E+03    0.27039E+02   -0.36318E+01
  999    0.98712E+03    0.26945E+02   -0.47742E+01
 1000    0.98534E+03    0.26846E+02   -0.59056E+01
 1001    0.98373E+03    0.26744E+02   -0.70253E+01
 1002    0.98228E+03    0.26637E+02   -0.81331E+01
 1003    0.98098E+03    0.26528E+02   -0.92287E+01
 1004    0.97984E+03    0.26414E+02   -0.10312E+02
 1005    0.97884E+03    0.26297E+02   -0.11383E+02
 1006    0.97800E+03    0.26176E+02   -0.12441E+02
 1007    0.97729E+03    0.26052E+02   -0.13485E+02
 1008    0.97674E+03    0.25925E+02   -0.14517E+02
 1009    0.97632E+03    0.25795E+02   -0.15535E+02
 1010    0.97604E+03    0.25661E+02   -0.16539E+02
 1011    0.97590E+03    0.25524E+02   -0.17529E+02
 1012    0.97589E+03    0.25384E+02   -0.18505E+02
 1013    0.97601E+03    0.25241E+02   -0.19466E+02
 1014    0.97626E+03    0.25095E+02   -0.20413E+02
 1015    0.97664E+03    0.24947E+02   -0.21344E+02
 1016    0.97714E+03    0.24796E+02   -0.22261E+02
 1017    0.97776E+03    0.24642E+02   -0.23162E+02
 1018    0.97850E+03    0.24485E+02   -0.24047E+02
 1019    0.97936E+03    0.24326E+02   -0.24917E+02
 1020    0.98033E+03    0.24165E+02   -0.25770E+02
 1021    0.98142E+03    0.24001E+02   -0.26607E+02
 1022    0.98261E+03    0.23835E+02   -0.27428E+02
 1023    0.98391E+03    0.23667E+02   -0.28232E+02
 1024    0.98532E+03    0.23496E+02   -0.29018E+02
 1025    0.98683E+03    0.23324E+02   -0.29787E+02
 1026    0.98843E+03    0.23149E+02   -0.30539E+02
 1027    0.99014E+03    0.22973E+02   -0.31273E+02
 1028    0.99194E+03    0.22795E+02   -0.31989E+02
 1029    0.99383E+03    0.22615E+02   -0.32687E+02
 1030    0.99581E+03    0.22433E+02   -0.33367E+02
 1031    0.99789E+03    0.22250E+02   -0.34027E+02
 1032    0.10000E+04    0.22065E+02   -0.34669E+02
 1033    0.10023E+04    0.21879E+02   -0.35292E+02
 1034    0.10046E+04    0.21691E+02   -0.35895E+02
 1035    0.10070E+04    0.21503E+02   -0.36478E+02
 1036    0.10095E+04    0.21312E+02   -0.37042E+02
 1037    0.10120E+04    0.21121E+02   -0.37586E+02
 1038    0.10146E+04    0.20929E+02   -0.38109E+02
 1039    0.10173E+04    0.20736E+02   -0.38612E+02
 1040    0.10201E+04    0.20541E+02   -0.39094E+02
 1041    0.10229E+04    0.20346E+02   -0.39554E+02
 1042    0.10258E+04    0.20150E+02   -0.39994E+02
 1043    0.10287E+04    0.19954E+02   -0.40412E+02
 1044    0.10317E+04    0.19756E+02   -0.40809E+02
 1045    0.10347E+04    0.19559E+02   -0.41183E+02
 1046    0.10378E+04    0.19360E+02   -0.41535E+02
 1047    0.10410E+04    0.19162E+02   -0.41865E+02
 1048    0.10442E+04    0.18963E+02   -0.42172E+02
 1049    0.10474E+04    0.18764E+02   -0.42457E+02
 1050    0.10507E+04    0.18564E+02   -0.42718E+02
 1051    0.10540E+04    0.18365E+02   -0.42955E+02
 1052    0.10574E+04    0.18165E+02   -0.43170E+02
 1053    0.10608E+04    0.17966E+02   -0.43362E+02
 1054    0.10642E+04    0.17766E+02   -0.43531E+02
 1055    0.10677E+04    0.17567E+02   -0.43677E+02
 1056    0.10711E+04    0.17368E+02   -0.43802E+02
 1057    0.10746E+04    0.17170E+02   -0.43904E+02
 1058    0.10782E+04    0.16971E+02   -0.43984E+02
 1059    0.10817E+04    0.16773E+02   -0.44043E+02
 1060    0.10853E+04    0.16576E+02   -0.44080E+02
 1061    0.10889E+04    0.16380E+02   -0.44096E+02
 1062    0.10925E+04    0.16184E+02   -0.44091E+02
 1063    0.10961E+04    0.15988E+02   -0.44066E+02
 1064    0.10997E+04    0.15794E+02   -0.44019E+02
 1065    0.11033E+04    0.15600E+02   -0.43953E+02
 1066    0.11070E+04    0.15408E+02   -0.43866E+02
 1067    0.11106E+04    0.15216E+02   -0.43760E+02
 1068    0.11142E+04    0.15025E+02   -0.43634E+02
 1069    0.11179E+04    0.14836E+02   -0.43488E+02
 1070    0.11215E+04    0.14648E+02   -0.43323E+02
 1071    0.11251E+04    0.14461E+02   -0.43140E+02
 1072    0.11287E+04    0.14275E+02   -0.42937E+02
 1073    0.11323E+04    0.14091E+02   -0.42716E+02
 1074    0.11359E+04    0.13909E+02   -0.42476E+02
 1075    0.11395E+04    0.13727E+02   -0.42218E+02
 1076    0.11430E+04    0.13548E+02   -0.41943E+02
 1077    0.11465E+04    0.13370E+02   -0.41649E+02
 1078    0.11500E+04    0.13194E+02   -0.41339E+02
 1079    0.11535E+04    0.13020E+02   -0.41010E+02
 1080    0.11569E+04    0.12848E+02   -0.40665E+02
 1081    0.11603E+04    0.12678E+02   -0.40303E+02
 1082    0.11637E+04    0.12510E+02   -0.39925E+02
 1083    0.11670E+04    0.12344E+02   -0.39530E+02
 1084    0.11703E+04    0.12180E+02   -0.39119E+02
 1085    0.11736E+04    0.12018E+02   -0.38691E+02
 1086    0.11768E+04    0.11859E+02   -0.38248E+02
 1087    0.11800E+04    0.11702E+02   -0.37790E+02
 1088    0.11831E+04    0.11548E+02   -0.37316E+02
 1089    0.11862E+04    0.11396E+02   -0.36827E+02
 1090    0.11892E+04    0.11247E+02   -0.36324E+02
 1091    0.11922E+04    0.11100E+02   -0.35805E+02
 1092    0.11951E+04    0.10956E+02   -0.35273E+02
 1093    0.11979E+04    0.10815E+02   -0.34726E+02
 1094    0.12007E+04    0.10677E+02   -0.34164E+02
 1095    0.12034E+04    0.10542E+02   -0.33590E+02
 1096    0.12061E+04    0.10410E+02   -0.33001E+02
 1097    0.12087E+04    0.10281E+02   -0.32399E+02
 1098    0.12112E+04    0.10155E+02   -0.31785E+02
 1099    0.12136E+04    0.10032E+02   -0.31157E+02
 1100    0.12160E+04    0.99131E+01   -0.30516E+02
 1101    0.12183E+04    0.97971E+01   -0.29863E+02
 1102    0.12205E+04    0.96845E+01   -0.29198E+02
 1103    0.12226E+04    0.95752E+01   -0.28522E+02
 1104    0.12247E+04    0.94693E+01   -0.27834E+02
 1105    0.12266E+04    0.93668E+01   -0.27135E+02
 1106    0.12285E+04    0.92676E+01   -0.26426E+02
 1107    0.12303E+04    0.91717E+01   -0.25706E+02
 1108    0.12321E+04    0.90792E+01   -0.24977E+02
 1109    0.12337E+04    0.89900E+01   -0.24239E+02
 1110    0.12353E+04    0.89042E+01   -0.23492E+02
 1111    0.12367E+04    0.88216E+01   -0.22736E+02
 1112    0.12381E+04    0.87425E+01   -0.21972E+02
 1113    0.12395E+04    0.86666E+01   -0.21201E+02
 1114    0.12407E+04    0.85940E+01   -0.20422E+02
 1115    0.12418E+04    0.85248E+01   -0.19637E+02
 1116    0.12429E+04    0.84588E+01   -0.18845E+02
 1117    0.12439E+04    0.83962E+01   -0.18047E+02
 1118    0.12448E+04    0.83368E+01   -0.17243E+02
 1119    0.12456E+04    0.82808E+01   -0.16434E+02
 1120    0.12463E+04    0.82280E+01   -0.15620E+02
 1121    0.12469E+04    0.81786E+01   -0.14802E+02
 1122    0.12475E+04    0.81324E+01   -0.13980E+02
 1123    0.12479E+04    0.80894E+01   -0.13154E+02
 1124    0.12483E+04    0.80498E+01   -0.12324E+02
 1125    0.12486E+04    0.80134E+01   -0.11492E+02
 1126    0.12488E+04    0.79803E+01   -0.10658E+02
 1127    0.12489E+04    0.79504E+01   -0.98213E+01
 1128    0.12490E+04    0.79238E+01   -0.89832E+01
 1129    0.12489E+04    0.79005E+01   -0.81438E+01
 1130    0.12488E+04    0.78804E+01   -0.73035E+01
 1131    0.12485E+04    0.78635E+01   -0.64628E+01
 1132    0.12482E+04    0.78499E+01   -0.56221E+01
 1133    0.12478E+04    0.78395E+01   -0.47817E+01
 1134    0.12472E+04    0.78324E+01   -0.39421E+01
 1135    0.12466E+04    0.78284E+01   -0.31037E+01
 1136    0.12460E+04    0.78277E+01   -0.22668E+01
 1137    0.12452E+04    0.78302E+01   -0.14320E+01
 1138    0.12443E+04    0.78359E+01   -0.59945E+00
 1139    0.12433E+04    0.78448E+01    0.23029E+00
 1140    0.12423E+04    0.78570E+01    0.10569E+01
 1141    0.12411E+04    0.78723E+01    0.18798E+01
 1142    0.12399E+04    0.78908E+01    0.26989E+01
 1143    0.12385E+04    0.79125E+01    0.35135E+01
 1144    0.12371E+04    0.79374E+01    0.43233E+01
 1145    0.12356E+04    0.79655E+01    0.51280E+01
 1146    0.12339E+04    0.79967E+01    0.59271E+01
 1147    0.12322E+04    0.80312E+01    0.67202E+01
 1148    0.12304E+04    0.80688E+01    0.75069E+01
 1149    0.12285E+04    0.81095E+01    0.82868E+01
 1150    0.12265E+04    0.81535E+01    0.90595E+01
 1151    0.12244E+04    0.82005E+01    0.98247E+01
 1152    0.12222E+04    0.82507E+01    0.10582E+02
 1153    0.12199E+04    0.83039E+01    0.11332E+02
 1154    0.12175E+04    0.83601E+01    0.12073E+02
 1155    0.12150E+04    0.84191E+01    0.12806E+02
 1156    0.12125E+04    0.84811E+01    0.13530E+02
 1157    0.12098E+04    0.85458E+01    0.14245E+02
 1158    0.12071E+04    0.86132E+01    0.14952E+02
 1159    0.12043E+04    0.86833E+01    0.15650E+02
 1160    0.12014E+04    0.87560E+01    0.16338E+02
 1161    0.11984E+04    0.88312E+01    0.17016E+02
 1162    0.11953E+04    0.89089E+01    0.17685E+02
 1163    0.11922E+04    0.89890E+01    0.18344E+02
 1164    0.11889E+04    0.90715E+01    0.18993E+02
 1165    0.11856E+04    0.91562E+01    0.19631E+02
 1166    0.11823E+04    0.92432E+01    0.20259E+02
 1167    0.11788E+04    0.93323E+01    0.20877E+02
 1168    0.11753E+04    0.94236E+01    0.21483E+02
 1169    0.11717E+04    0.95168E+01    0.22078E+02
 1170    0.11681E+04    0.96121E+01    0.22662E+02
 1171    0.11644E+04    0.97093E+01    0.23235E+02
 1172    0.11606E+04    0.98083E+01    0.23796E+02
 1173    0.11568E+04    0.99091E+01    0.24345E+02
 1174    0.11529E+04    0.10012E+02    0.24882E+02
 1175    0.11489E+04    0.10116E+02    0.25407E+02
 1176    0.11449E+04    0.10222E+02    0.25919E+02
 1177    0.11408E+04    0.10329E+02    0.26418E+02
 1178    0.11367E+04    0.10438E+02    0.26905E+02
 1179    0.11325E+04    0.10548E+02    0.27379E+02
 1180    0.11283E+04    0.10660E+02    0.27839E+02
 1181    0.11240E+04    0.10773E+02    0.28287E+02
 1182    0.11196E+04    0.10887E+02    0.28720E+02
 1183    0.11153E+04    0.11002E+02    0.29140E+02
 1184    0.11108E+04    0.11119E+02    0.29545E+02
 1185    0.11063E+04    0.11236E+02    0.29937E+02
 1186    0.11018E+04    0.11354E+02    0.30314E+02
 1187    0.10973E+04    0.11474E+02    0.30677E+02
 1188    0.10927E+04    0.11594E+02    0.31024E+02
 1189    0.10880E+04    0.11715E+02    0.31357E+02
 1190    0.10834E+04    0.11837E+02    0.31675E+02
 1191    0.10787E+04    0.11959E+02    0.31977E+02
 1192    0.10739E+04    0.12082E+02    0.32264E+02
 1193    0.10691E+04    0.12206E+02    0.32534E+02
 1194    0.10643E+04    0.12330E+02    0.32789E+02
 1195    0.10595E+04    0.12455E+02    0.33028E+02
 1196    0.10546E+04    0.12580E+02    0.33251E+02
 1197    0.10498E+04    0.12705E+02    0.33457E+02
 1198    0.10449E+04    0.12830E+02    0.33646E+02
 1199    0.10399E+04    0.12956E+02    0.33818E+02
 1200    0.10350E+04    0.13081E+02    0.33974E+02
 1201    0.10300E+04    0.13207E+02    0.34112E+02
 1202    0.10250E+04    0.13333E+02    0.34232E+02
 1203    0.10200E+04    0.13459E+02    0.34336E+02
 1204    0.10150E+04    0.13584E+02    0.34423E+02
 1205    0.10099E+04    0.13710E+02    0.34494E+02
 1206    0.10049E+04    0.13835E+02    0.34548E+02
 1207    0.99982E+03    0.13960E+02    0.34585E+02
 1208    0.99475E+03    0.14085E+02    0.34607E+02
 1209    0.98967E+03    0.14209E+02    0.34612E+02
 1210    0.98460E+03    0.14333E+02    0.34602E+02
 1211    0.97952E+03    0.14457E+02    0.34576E+02
 1212    0.97443E+03    0.14579E+02    0.34534E+02
 1213    0.96935E+03    0.14702E+02    0.34477E+02
 1214    0.96427E+03    0.14824E+02    0.34405E+02
 1215    0.95919E+03    0.14945E+02    0.34318E+02
 1216    0.95412E+03    0.15065E+02    0.34216E+02
 1217    0.94905E+03    0.15184E+02    0.34100E+02
 1218    0.94400E+03    0.15303E+02    0.33968E+02
 1219    0.93895E+03    0.15421E+02    0.33823E+02
 1220    0.93391E+03    0.15538E+02    0.33663E+02
 1221    0.92889E+03    0.15654E+02    0.33489E+02
 1222    0.92389E+03    0.15768E+02    0.33302E+02
 1223    0.91890E+03    0.15882E+02    0.33101E+02
 1224    0.91392E+03    0.15995E+02    0.32886E+02
 1225    0.90897E+03    0.16106E+02    0.32658E+02
 1226    0.90404E+03    0.16216E+02    0.32416E+02
 1227    0.89914E+03    0.16325E+02    0.32162E+02
 1228    0.89426E+03    0.16433E+02    0.31894E+02
 1229    0.88940E+03    0.16539E+02    0.31614E+02
 1230    0.88458E+03    0.16643E+02    0.31322E+02
 1231    0.87978E+03    0.16746E+02    0.31017E+02
 1232    0.87502E+03    0.16848E+02    0.30700E+02
 1233    0.87029E+03    0.16948E+02    0.30370E+02
 1234    0.86559E+03    0.17046E+02    0.30029E+02
 1235    0.86093E+03    0.17142E+02    0.29676E+02
 1236    0.85631E+03    0.17237E+02    0.29312E+02
 1237    0.85173E+03    0.17330E+02    0.28936E+02
 1238    0.84720E+03    0.17421E+02    0.28549E+02
 1239    0.84270E+03    0.17510E+02    0.28151E+02
 1240    0.83825E+03    0.17597E+02    0.27742E+02
 1241    0.83385E+03    0.17682E+02    0.27322E+02
 1242    0.82949E+03    0.17765E+02    0.26891E+02
 1243    0.82519E+03    0.17846E+02    0.26450E+02
 1244    0.82094E+03    0.17924E+02    0.25999E+02
 1245    0.81674E+03    0.18001E+02    0.25538E+02
 1246    0.81259E+03    0.18075E+02    0.25067E+02
 1247    0.80850E+03    0.18146E+02    0.24586E+02
 1248    0.80448E+03    0.18216E+02    0.24095E+02
 1249    0.80051E+03    0.18283E+02    0.23595E+02
 1250    0.79660E+03    0.18347E+02    0.23086E+02
 1251    0.79275E+03    0.18409E+02    0.22568E+02
 1252    0.78897E+03    0.18468E+02    0.22041E+02
 1253    0.78526E+03    0.18525E+02    0.21505E+02
 1254    0.78160E+03    0.18579E+02    0.20961E+02
 1255    0.77801E+03    0.18630E+02    0.20409E+02
 1256    0.77449E+03    0.18679E+02    0.19850E+02
 1257    0.77103E+03    0.18726E+02    0.19284E+02
 1258    0.76764E+03    0.18770E+02    0.18710E+02
 1259    0.76431E+03    0.18811E+02    0.18130E+02
 1260    0.76105E+03    0.18850E+02    0.17544E+02
 1261    0.75785E+03    0.18886E+02    0.16951E+02
 1262    0.75472E+03    0.18920E+02    0.16353E+02
 1263    0.75165E+03    0.18951E+02    0.15750E+02
 1264    0.74866E+03    0.18980E+02    0.15141E+02
 1265    0.74572E+03    0.19006E+02    0.14528E+02
 1266    0.74286E+03    0.19029E+02    0.13910E+02
 1267    0.74006E+03    0.19050E+02    0.13288E+02
 1268    0.73733E+03    0.19069E+02    0.12663E+02
 1269    0.73467E+03    0.19085E+02    0.12033E+02
 1270    0.73208E+03    0.19099E+02    0.11401E+02
 1271    0.72956E+03    0.19110E+02    0.10766E+02
 1272    0.72710E+03    0.19118E+02    0.10128E+02
 1273    0.72471E+03    0.19124E+02    0.94874E+01
 1274    0.72239E+03    0.19128E+02    0.88452E+01
 1275    0.72014E+03    0.19129E+02    0.82013E+01
 1276    0.71796E+03    0.19127E+02    0.75561E+01
 1277    0.71585E+03    0.19123E+02    0.69098E+01
 1278    0.71381E+03    0.19117E+02    0.62629E+01
 1279    0.71184E+03    0.19108E+02    0.56155E+01
 1280    0.70995E+03    0.19096E+02    0.49680E+01
 1281    0.70812E+03    0.19082E+02    0.43207E+01
 1282    0.70636E+03    0.19066E+02    0.36739E+01
 1283    0.70467E+03    0.19047E+02    0.30280E+01
 1284    0.70306E+03    0.19025E+02    0.23832E+01
 1285    0.70152E+03    0.19001E+02    0.17398E+01
 1286    0.70005E+03    0.18975E+02    0.10982E+01
 1287    0.69865E+03    0.18946E+02    0.45871E+00
 1288    0.69732E+03    0.18914E+02   -0.17843E+00
 1289    0.69607E+03    0.18880E+02   -0.81288E+00
 1290    0.69489E+03    0.18844E+02   -0.14443E+01
 1291    0.69378E+03    0.18805E+02   -0.20725E+01
 1292    0.69275E+03    0.18764E+02   -0.26970E+01
 1293    0.69179E+03    0.18720E+02   -0.33176E+01
 1294    0.69091E+03    0.18674E+02   -0.39339E+01
 1295    0.69010E+03    0.18625E+02   -0.45457E+01
 1296    0.68936E+03    0.18574E+02   -0.51526E+01
 1297    0.68870E+03    0.18521E+02   -0.57543E+01
 1298    0.68811E+03    0.18465E+02   -0.63506E+01
 1299    0.68760E+03    0.18406E+02   -0.69410E+01
 1300    0.68716E+03    0.18345E+02   -0.75254E+01
 1301    0.68680E+03    0.18282E+02   -0.81033E+01
 1302    0.68652E+03    0.18216E+02   -0.86747E+01
 1303    0.68631E+03    0.18148E+02   -0.92394E+01
 1304    0.68617E+03    0.18078E+02   -0.97973E+01
 1305    0.68610E+03    0.18005E+02   -0.10348E+02
 1306    0.68610E+03    0.17930E+02   -0.10892E+02
 1307    0.68617E+03    0.17853E+02   -0.11428E+02
 1308    0.68631E+03    0.17774E+02   -0.11958E+02
 1309    0.68651E+03    0.17693E+02   -0.12479E+02
 1310    0.68678E+03    0.17610E+02   -0.12993E+02
 1311    0.68712E+03    0.17525E+02   -0.13499E+02
 1312    0.68751E+03    0.17437E+02   -0.13997E+02
 1313    0.68797E+03    0.17349E+02   -0.14487E+02
 1314    0.68849E+03    0.17258E+02   -0.14969E+02
 1315    0.68907E+03    0.17165E+02   -0.15442E+02
 1316    0.68971E+03    0.17071E+02   -0.15907E+02
 1317    0.69041E+03    0.16975E+02   -0.16363E+02
 1318    0.69116E+03    0.16878E+02   -0.16811E+02
 1319    0.69197E+03    0.16779E+02   -0.17249E+02
 1320    0.69283E+03    0.16678E+02   -0.17679E+02
 1321    0.69374E+03    0.16576E+02   -0.18099E+02
 1322    0.69471E+03    0.16472E+02   -0.18510E+02
 1323    0.69573E+03    0.16368E+02   -0.18911E+02
 1324    0.69679E+03    0.16261E+02   -0.19303E+02
 1325    0.69791E+03    0.16154E+02   -0.19685E+02
 1326    0.69907E+03    0.16045E+02   -0.20057E+02
 1327    0.70028E+03    0.15935E+02   -0.20419E+02
 1328    0.70153E+03    0.15824E+02   -0.20770E+02
 1329    0.70283E+03    0.15712E+02   -0.21112E+02
 1330    0.70417E+03    0.15599E+02   -0.21443E+02
 1331    0.70555E+03    0.15485E+02   -0.21763E+02
 1332    0.70697E+03    0.15370E+02   -0.22072E+02
 1333    0.70843E+03    0.15254E+02   -0.22371E+02
 1334    0.70993E+03    0.15137E+02   -0.22659E+02
 1335    0.71146E+03    0.15019E+02   -0.22935E+02
 1336    0.71303E+03    0.14901E+02   -0.23200E+02
 1337    0.71464E+03    0.14782E+02   -0.23454E+02
 1338    0.71628E+03    0.14662E+02   -0.23696E+02
 1339    0.71795E+03    0.14542E+02   -0.23926E+02
 1340    0.71965E+03    0.14421E+02   -0.24145E+02
 1341    0.72139E+03    0.14300E+02   -0.24351E+02
 1342    0.72315E+03    0.14178E+02   -0.24545E+02
 1343    0.72494E+03    0.14056E+02   -0.24727E+02
 1344    0.72675E+03    0.13934E+02   -0.24897E+02
 1345    0.72859E+03    0.13811E+02   -0.25054E+02
 1346    0.73046E+03    0.13688E+02   -0.25198E+02
 1347    0.73235E+03    0.13564E+02   -0.25329E+02
 1348    0.73426E+03    0.13441E+02   -0.25448E+02
 1349    0.73619E+03    0.13317E+02   -0.25553E+02
 1350    0.73814E+03    0.13194E+02   -0.25645E+02
 1351    0.74011E+03    0.13070E+02   -0.25723E+02
 1352    0.74210E+03    0.12946E+02   -0.25789E+02
 1353    0.74410E+03    0.12823E+02   -0.25841E+02
 1354    0.74612E+03    0.12699E+02   -0.25880E+02
 1355    0.74815E+03    0.12576E+02   -0.25906E+02
 1356    0.75020E+03    0.12453E+02   -0.25919E+02
 1357    0.75225E+03    0.12330E+02   -0.25919E+02
 1358    0.75431E+03    0.12207E+02   -0.25906E+02
 1359    0.75639E+03    0.12085E+02   -0.25881E+02
 1360    0.75847E+03    0.11963E+02   -0.25843E+02
 1361    0.76055E+03    0.11841E+02   -0.25793E+02
 1362    0.76264E+03    0.11720E+02   -0.25731E+02
 1363    0.76473E+03    0.11600E+02   -0.25656E+02
 1364    0.76682E+03    0.11480E+02   -0.25569E+02
 1365    0.76892E+03    0.11360E+02   -0.25470E+02
 1366    0.77101E+03    0.11241E+02   -0.25359E+02
 1367    0.77310E+03    0.11123E+02   -0.25237E+02
 1368    0.77519E+03    0.11005E+02   -0.25102E+02
 1369    0.77727E+03    0.10888E+02   -0.24956E+02
 1370    0.77935E+03    0.10772E+02   -0.24799E+02
 1371    0.78142E+03    0.10657E+02   -0.24630E+02
 1372    0.78348E+03    0.10542E+02   -0.24449E+02
 1373    0.78553E+03    0.10428E+02   -0.24258E+02
 1374    0.78757E+03    0.10316E+02   -0.24055E+02
 1375    0.78960E+03    0.10204E+02   -0.23841E+02
 1376    0.79161E+03    0.10093E+02   -0.23616E+02
 1377    0.79361E+03    0.99834E+01   -0.23381E+02
 1378    0.79559E+03    0.98748E+01   -0.23134E+02
 1379    0.79755E+03    0.97673E+01   -0.22877E+02
 1380    0.79949E+03    0.96610E+01   -0.22610E+02
 1381    0.80142E+03    0.95559E+01   -0.22332E+02
 1382    0.80332E+03    0.94521E+01   -0.22043E+02
 1383    0.80520E+03    0.93495E+01   -0.21745E+02
 1384    0.80705E+03    0.92483E+01   -0.21436E+02
 1385    0.80888E+03    0.91484E+01   -0.21117E+02
 1386    0.81068E+03    0.90500E+01   -0.20788E+02
 1387    0.81246E+03    0.89530E+01   -0.20450E+02
 1388    0.81420E+03    0.88575E+01   -0.20101E+02
 1389    0.81591E+03    0.87636E+01   -0.19743E+02
 1390    0.81759E+03    0.86712E+01   -0.19376E+02
 1391    0.81924E+03    0.85804E+01   -0.18998E+02
 1392    0.82086E+03    0.84913E+01   -0.18612E+02
 1393    0.82243E+03    0.84039E+01   -0.18216E+02
 1394    0.82397E+03    0.83183E+01   -0.17811E+02
 1395    0.82547E+03    0.82344E+01   -0.17397E+02
 1396    0.82694E+03    0.81524E+01   -0.16974E+02
 1397    0.82835E+03    0.80722E+01   -0.16542E+02
 1398    0.82973E+03    0.79939E+01   -0.16102E+02
 1399    0.83107E+03    0.79176E+01   -0.15652E+02
 1400    0.83235E+03    0.78432E+01   -0.15195E+02
 1401    0.83360E+03    0.77709E+01   -0.14728E+02
 1402    0.83479E+03    0.77006E+01   -0.14254E+02
 1403    0.83594E+03    0.76323E+01   -0.13771E+02
 1404    0.83704E+03    0.75661E+01   -0.13281E+02
 1405    0.83809E+03    0.75018E+01   -0.12784E+02
 1406    0.83910E+03    0.74396E+01   -0.12280E+02
 1407    0.84005E+03    0.73794E+01   -0.11770E+02
 1408    0.84096E+03    0.73212E+01   -0.11253E+02
 1409    0.84181E+03    0.72650E+01   -0.10730E+02
 1410    0.84262E+03    0.72108E+01   -0.10201E+02
 1411    0.84338E+03    0.71587E+01   -0.96669E+01
 1412    0.84408E+03    0.71085E+01   -0.91278E+01
 1413    0.84473E+03    0.70603E+01   -0.85839E+01
 1414    0.84534E+03    0.70142E+01   -0.80356E+01
 1415    0.84589E+03    0.69700E+01   -0.74832E+01
 1416    0.84638E+03    0.69278E+01   -0.69269E+01
 1417    0.84683E+03    0.68876E+01   -0.63671E+01
 1418    0.84722E+03    0.68494E+01   -0.58042E+01
 1419    0.84756E+03    0.68132E+01   -0.52383E+01
 1420    0.84784E+03    0.67790E+01   -0.46698E+01
 1421    0.84807E+03    0.67468E+01   -0.40991E+01
 1422    0.84824E+03    0.67165E+01   -0.35265E+01
 1423    0.84836E+03    0.66882E+01   -0.29521E+01
 1424    0.84843E+03    0.66619E+01   -0.23765E+01
 1425    0.84843E+03    0.66376E+01   -0.17998E+01
 1426    0.84839E+03    0.66152E+01   -0.12224E+01
 1427    0.84828E+03    0.65949E+01   -0.64458E+00
 1428    0.84812E+03    0.65764E+01   -0.66673E-01
 1429    0.84789E+03    0.65600E+01    0.51102E+00
 1430    0.84762E+03    0.65455E+01    0.10882E+01
 1431    0.84728E+03    0.65330E+01    0.16645E+01
 1432    0.84688E+03    0.65224E+01    0.22397E+01
 1433    0.84643E+03    0.65138E+01    0.28134E+01
 1434    0.84591E+03    0.65072E+01    0.33854E+01
 1435    0.84533E+03    0.65025E+01    0.39553E+01
 1436    0.84470E+03    0.64997E+01    0.45228E+01
 1437    0.84400E+03    0.64989E+01    0.50876E+01
 1438    0.84324E+03    0.65001E+01    0.56494E+01
 1439    0.84242E+03    0.65032E+01    0.62079E+01
 1440    0.84154E+03    0.65082E+01    0.67627E+01
 1441    0.84060E+03    0.65152E+01    0.73136E+01
 1442    0.83959E+03    0.65241E+01    0.78603E+01
 1443    0.83852E+03    0.65349E+01    0.84024E+01
 1444    0.83738E+03    0.65477E+01    0.89396E+01
 1445    0.83619E+03    0.65624E+01    0.94717E+01
 1446    0.83492E+03    0.65791E+01    0.99982E+01
 1447    0.83359E+03    0.65976E+01    0.10519E+02
 1448    0.83220E+03    0.66181E+01    0.11034E+02
 1449    0.83074E+03    0.66405E+01    0.11542E+02
 1450    0.82922E+03    0.66649E+01    0.12043E+02
 1451    0.82763E+03    0.66911E+01    0.12538E+02
 1452    0.82597E+03    0.67192E+01    0.13025E+02
 1453    0.82425E+03    0.67492E+01    0.13506E+02
 1454    0.82247E+03    0.67810E+01    0.13980E+02
 1455    0.82062E+03    0.68145E+01    0.14448E+02
 1456    0.81872E+03    0.68498E+01    0.14910E+02
 1457    0.81676E+03    0.68867E+01    0.15365E+02
 1458    0.81474E+03    0.69253E+01    0.15814E+02
 1459    0.81266E+03    0.69655E+01    0.16257E+02
 1460    0.81053E+03    0.70073E+01    0.16695E+02
 1461    0.80835E+03    0.70506E+01    0.17126E+02
 1462    0.80611E+03    0.70954E+01    0.17553E+02
 1463    0.80383E+03    0.71417E+01    0.17974E+02
 1464    0.80149E+03    0.71894E+01    0.18390E+02
 1465    0.79911E+03    0.72385E+01    0.18800E+02
 1466    0.79668E+03    0.72889E+01    0.19206E+02
 1467    0.79420E+03    0.73406E+01    0.19607E+02
 1468    0.79169E+03    0.73936E+01    0.20003E+02
 1469    0.78912E+03    0.74478E+01    0.20395E+02
 1470    0.78652E+03    0.75032E+01    0.20782E+02
 1471    0.78388E+03    0.75598E+01    0.21166E+02
 1472    0.78120E+03    0.76174E+01    0.21545E+02
 1473    0.77848E+03    0.76762E+01    0.21920E+02
 1474    0.77573E+03    0.77359E+01    0.22291E+02
 1475    0.77294E+03    0.77967E+01    0.22659E+02
 1476    0.77012E+03    0.78584E+01    0.23023E+02
 1477    0.76726E+03    0.79211E+01    0.23384E+02
 1478    0.76438E+03    0.79846E+01    0.23742E+02
 1479    0.76147E+03    0.80490E+01    0.24096E+02
 1480    0.75852E+03    0.81142E+01    0.24448E+02
 1481    0.75556E+03    0.81801E+01    0.24796E+02
 1482    0.75256E+03    0.82468E+01    0.25142E+02
 1483    0.74954E+03    0.83142E+01    0.25486E+02
 1484    0.74650E+03    0.83822E+01    0.25827E+02
 1485    0.74344E+03    0.84508E+01    0.26166E+02
 1486    0.74036E+03    0.85201E+01    0.26502E+02
 1487    0.73726E+03    0.85898E+01    0.26837E+02
 1488    0.73414E+03    0.86601E+01    0.27170E+02
 1489    0.73101E+03    0.87308E+01    0.27501E+02
 1490    0.72786E+03    0.88019E+01    0.27831E+02
 1491    0.72470E+03    0.88734E+01    0.28159E+02
 1492    0.72153E+03    0.89453E+01    0.28486E+02
 1493    0.71835E+03    0.90174E+01    0.28812E+02
 1494    0.71515E+03    0.90899E+01    0.29137E+02
 1495    0.71195E+03    0.91625E+01    0.29461E+02
 1496    0.70874E+03    0.92354E+01    0.29784E+02
 1497    0.70553E+03    0.93084E+01    0.30107E+02
 1498    0.70231E+03    0.93815E+01    0.30429E+02
 1499    0.69910E+03    0.94547E+01    0.30751E+02
 1500    0.69587E+03    0.95280E+01    0.31073E+02
